1744 8024 54 115 58
1911 8217 146 116 58
1896 8241 314 116 58
1896 8249 422 116 58
1896 8249 504 117 59
1896 8242 537 118 60
1896 8236 556 119 60
1882 8221 592 120 60
1862 8099 610 120 60
1770 7908 608 122 60
1631 7641 588 122 60
1461 7392 535 122 60
1313 7155 501 124 60
1203 6986 486 122 60
1118 6905 475 121 59
1086 6882 417 121 59
1092 6912 397 120 58
1122 7037 399 118 59
1202 7226 420 117 58
1306 7476 465 116 58
1426 7735 502 116 58
1560 8001 517 113 58
1646 8142 529 113 58
1699 8195 535 113 58
1709 8190 568 113 58
1709 8174 581 113 58
1692 8090 589 114 59
1665 7960 591 114 59
1648 7794 575 115 60
1637 7651 529 115 60
1697 7562 512 116 60
1803 7503 515 117 61
1939 7513 546 117 61
2113 7571 561 118 62
2267 7660 595 118 62
2408 7775 620 121 63
2501 7938 647 121 63
2570 8132 666 121 63
2624 8305 739 123 62
2590 8392 757 123 62
2508 8422 768 123 62
2395 8422 767 124 63
2212 8319 788 124 63
1994 8148 790 126 62
1752 7864 788 126 62
1565 7598 761 126 62
1542 7344 691 126 62
1628 7172 658 124 62
1812 7097 636 124 62
2022 7087 647 124 62
2248 7166 652 124 62
2484 7303 659 126 62
2720 7478 661 126 62
2904 7709 637 126 62
3053 7983 664 127 63
3120 8285 730 127 63
3086 8421 794 127 63
2985 8493 799 127 63
2837 8523 812 129 64
2602 8467 817 129 64
2308 8335 842 130 65
2016 8153 848 133 65
1801 7871 824 133 65
1637 7622 802 135 65
1664 7395 791 138 65
1830 7218 793 138 65
2089 7130 782 138 65
2405 7102 785 138 65
2716 7162 788 138 65
3024 7252 808 138 65
3273 7362 836 138 65
3435 7493 873 138 65
3538 7599 892 137 66
3571 7689 944 137 66
3549 7755 933 135 65
3491 7818 933 135 67
3358 7844 911 135 67
3129 7844 912 135 67
2837 7782 914 137 67
2490 7690 926 137 67
2267 7580 882 137 67
2127 7504 828 139 68
2173 7439 791 139 68
2351 7381 791 141 68
2618 7372 763 141 68
2959 7390 767 143 69
3249 7425 776 143 69
3505 7469 790 145 70
3660 7508 808 145 70
3706 7531 828 147 69
3679 7544 765 147 69
3562 7591 763 147 69
3266 7597 753 147 69
2851 7575 827 149 69
2341 7498 879 149 69
1782 7347 943 149 69
1189 7147 1012 149 69
728 6959 1023 151 68
475 6852 1023 147 69
360 6798 1023 147 69
370 6792 977 147 69
386 6784 888 145 70
508 6775 595 143 69
