4408 8470 218 195 64
4723 8395 237 195 64
4819 8330 256 196 63
4836 8251 320 196 63
4784 8170 399 198 63
4687 8083 468 197 62
4503 7992 535 199 62
4218 7911 591 199 62
3865 7838 647 200 63
3433 7784 667 198 63
2977 7745 702 198 63
2506 7715 700 199 64
2074 7715 694 197 64
1738 7724 684 198 65
1466 7743 652 195 65
1310 7778 637 194 66
1253 7821 619 192 68
1262 7869 526 190 68
1383 7940 461 190 69
1645 8021 422 188 69
2000 8110 425 188 69
2404 8177 433 185 69
2762 8193 453 185 69
3088 8174 485 188 69
3287 8123 491 188 69
3351 8067 530 190 68
3326 7985 584 190 68
3211 7888 620 190 68
3000 7781 641 190 68
2725 7676 673 187 67
2400 7581 687 187 68
2053 7493 693 185 68
1692 7425 691 182 68
1379 7395 678 180 69
1144 7395 664 180 69
960 7426 641 177 69
870 7501 611 175 70
849 7603 546 171 71
874 7748 468 169 71
944 7939 388 165 71
1029 8160 413 165 71
1123 8413 453 162 71
1220 8599 483 162 71
1283 8741 483 162 71
1324 8747 495 163 70
1351 8720 538 163 70
1371 8672 592 164 69
1387 8578 628 164 69
1387 8440 644 164 69
1387 8272 655 165 68
1373 8090 641 165 68
1346 7920 638 162 68
1318 7759 610 161 69
1288 7641 565 159 69
1276 7556 541 159 69
1268 7493 502 155 69
1268 7474 473 153 69
1268 7488 439 152 70
1284 7524 387 152 70
1307 7607 369 149 69
1341 7706 388 149 69
1380 7816 420 149 69
1414 7872 464 149 69
1428 7890 522 152 70
1428 7884 537 153 69
1428 7869 553 153 69
1428 7825 567 153 69
1419 7763 565 154 68
1419 7701 556 154 68
1419 7649 538 154 68
1419 7605 502 154 68
1425 7582 469 154 68
1425 7582 455 153 69
1436 7582 456 153 69
1447 7609 466 153 69
1464 7646 464 153 69
1488 7692 488 155 69
1510 7720 530 155 69
1520 7729 561 155 69
1520 7729 563 158 70
1530 7717 560 158 70
1537 7706 564 158 70
1537 7676 540 158 70
1528 7636 465 158 70
1528 7597 317 158 70
1522 7569 60 158 70
1522 7569 0 158 70
1506 7542 0 158 70
1506 7553 0 160 70
1506 7576 0 160 70
1522 7607 0 160 70
1522 7607 132 160 70
1544 7673 249 160 70
1549 7701 343 160 70
1563 7726 431 163 70
1579 7746 497 163 70
1598 7762 554 163 70
1620 7771 602 163 70
1641 7776 622 163 70
1653 7776 639 163 70
1660 7768 646 163 70
1667 7742 655 164 69
1674 7702 662 164 69
1667 7649 670 164 69
1651 7592 667 164 69
1639 7529 664 164 69
1630 7484 647 161 69
1630 7451 613 161 69
1630 7425 591 160 70
1642 7425 594 160 70
1651 7443 589 158 70
1672 7479 567 158 70
1700 7528 578 158 70
1729 7587 606 160 70
1750 7633 617 160 70
1766 7659 644 160 70
1774 7672 670 163 70
1774 7662 702 163 70
1774 7631 708 163 70
1774 7586 676 166 70
1774 7539 554 166 70
1774 7505 176 166 70
1774 7505 0 166 70
1808 7493 0 166 69
1825 7526 0 166 69
1838 7573 0 166 69
1849 7628 0 164 69
1849 7668 0 164 69
1849 7668 568 165 68
1825 7709 568 165 68
1808 7719 563 165 68
1794 7719 564 165 68
1794 7707 456 167 69
1800 7694 119 166 69
1800 7694 0 166 69
1846 7679 0 166 69
1884 7696 0 166 69
1918 7738 0 166 69
1952 7798 0 166 69
1952 7798 85 166 69
1990 8086 361 167 69
1990 8280 492 167 69
1982 8406 588 168 68
1973 8449 628 168 68
1965 8437 681 170 68
1955 8386 721 171 67
1939 8265 763 171 67
1920 8097 762 171 67
1909 7868 751 171 67
1909 7683 727 171 67
1909 7527 679 170 68
1904 7422 644 170 68
1895 7354 636 168 68
1886 7311 630 167 69
1878 7311 627 165 68
1878 7330 624 165 68
1878 7365 616 164 69
1878 7427 613 161 69
1891 7493 628 161 69
1906 7563 625 161 69
1927 7637 636 161 69
1950 7682 636 164 69
1972 7707 644 164 69
2008 7721 669 164 69
2032 7714 711 164 69
2044 7693 742 164 69
2052 7661 757 164 69
2044 7627 767 164 69
2033 7592 748 164 69
2019 7566 667 165 68
2014 7539 529 165 68
2014 7527 358 165 68
2021 7527 176 165 68
2036 7545 63 165 68
2056 7572 129 165 68
2070 7604 259 161 69
2080 7628 381 161 69
2087 7648 486 161 69
2087 7660 521 161 69
2087 7660 530 161 69
2087 7660 501 161 69
2087 7660 394 161 69
2087 7650 202 161 69
2087 7650 0 161 69
2117 7619 0 161 69
2145 7607 0 161 69
2179 7596 0 162 68
2215 7596 0 162 68
2250 7603 0 162 68
2280 7617 0 162 68
2306 7631 0 162 68
2316 7650 0 163 67
2316 7650 335 163 67
2316 7690 456 163 67
2303 7706 588 163 67
2287 7718 666 162 68
2270 7725 733 162 68
2256 7725 760 162 68
2244 7725 751 165 68
2222 7702 759 165 68
2193 7673 751 165 68
2171 7635 742 165 68
2151 7596 708 162 68
2136 7554 665 162 68
2144 7516 572 162 68
2166 7494 486 162 68
2199 7483 363 162 68
2236 7483 256 162 68
2275 7499 181 160 68
2312 7521 175 160 68
2344 7551 237 160 68
2363 7580 312 160 68
2372 7609 440 162 68
2372 7636 562 162 68
2372 7657 653 162 68
2358 7672 722 162 68
2349 7681 770 162 68
2341 7686 793 162 68
2341 7686 800 162 68
2335 7680 808 162 68
2320 7654 811 162 68
2297 7616 799 162 68
2285 7577 796 162 68
2271 7539 771 162 68
2271 7504 740 162 68
2286 7486 707 162 68
2296 7478 693 160 68
2308 7478 655 160 68
2324 7498 613 160 68
2350 7528 567 160 68
2383 7563 567 160 68
2400 7596 588 160 68
2410 7624 614 162 68
2410 7645 676 162 68
2410 7645 733 162 68
2404 7645 746 165 68
2396 7624 750 165 68
2387 7600 763 165 68
2378 7568 728 165 68
2372 7535 669 165 68
2372 7505 586 165 68
2389 7486 494 165 68
2413 7476 396 162 68
2437 7484 299 162 68
2461 7503 222 162 68
2484 7530 217 162 68
2508 7563 221 162 68
2533 7596 341 162 68
2546 7625 477 162 68
2552 7649 595 165 68
2552 7665 670 165 68
2552 7673 702 165 68
2540 7673 722 167 69
2540 7673 730 167 69
2534 7658 730 167 69
2528 7637 728 167 69
2521 7602 727 167 69
2521 7558 708 167 69
2529 7524 664 167 69
2542 7500 616 167 69
2557 7484 567 167 69
2577 7484 518 165 68
2598 7499 486 165 68
2622 7523 488 165 68
2635 7557 499 167 69
2640 7589 527 167 69
2640 7614 559 167 69
2631 7623 561 167 69
2622 7623 562 170 69
2622 7613 542 170 69
2622 7599 502 170 69
2633 7576 327 170 69
2644 7555 70 170 69
2644 7555 0 170 69
2683 7543 0 170 69
2703 7561 0 170 69
2724 7589 0 168 68
2738 7620 0 168 68
2745 7648 0 165 67
2745 7648 110 165 67
2745 7648 180 163 67
2745 7648 181 163 67
2716 7656 137 161 67
2716 7656 0 161 67
2708 7618 0 159 67
2720 7612 0 159 67
2746 7612 0 159 67
2802 7627 0 159 67
2858 7647 0 159 67
2912 7672 0 159 67
2945 7697 0 160 66
2965 7720 0 160 66
2965 7720 509 162 66
2952 7747 613 162 66
2931 7753 737 162 66
2917 7743 796 164 66
2894 7718 818 163 67
2865 7683 822 165 67
2848 7643 826 165 67
2833 7606 805 165 67
2833 7571 761 165 67
2852 7555 716 165 67
2866 7555 667 165 67
2885 7561 567 163 67
2913 7584 510 163 67
2938 7617 468 163 67
2960 7655 473 163 67
2974 7693 481 163 67
2974 7730 537 163 67
2964 7762 592 163 67
2938 7783 643 163 67
2903 7796 697 163 67
2861 7796 711 165 67
2827 7790 716 165 67
2813 7774 700 165 67
2813 7762 693 165 67
2818 7754 681 165 67
2843 7743 664 165 67
2881 7736 641 165 67
2922 7736 622 165 67
2957 7736 616 163 67
2988 7736 613 163 67
3013 7736 614 163 67
3039 7736 619 163 67
3056 7741 638 163 67
3067 7741 655 163 67
3079 7736 667 163 67
3085 7722 699 163 67
3085 7702 728 163 67
3071 7669 730 163 67
3056 7628 740 163 67
3044 7593 739 163 67
3038 7556 722 163 67
3038 7531 716 163 67
3052 7514 690 163 67
3066 7514 691 164 66
3080 7528 662 162 66
3110 7552 652 162 66
3141 7577 670 162 66
3163 7601 725 162 66
3178 7607 799 162 66
3178 7607 858 162 66
3178 7594 891 162 66
3178 7574 890 162 66
3178 7548 837 162 66
3178 7524 656 162 66
3178 7524 0 162 66
3188 7515 0 162 66
3188 7543 0 162 66
3188 7585 0 162 66
3200 7636 0 162 66
3216 7698 0 162 66
3204 7758 0 162 65
3178 7812 0 162 65
3178 7812 610 165 65
3099 7879 690 165 64
3062 7913 722 165 64
3050 7936 733 165 65
3050 7943 668 165 65
3059 7949 399 166 66
3059 7949 0 166 66
3092 7949 0 165 67
3125 7960 0 165 68
3172 7972 0 164 69
3242 7965 0 164 69
3326 7947 0 161 69
3405 7923 0 161 69
3457 7894 0 163 67
3491 7864 0 162 66
3511 7839 0 163 64
3493 7819 0 165 62
3450 7800 0 165 61
3411 7784 0 166 59
3375 7771 0 166 59
3350 7758 0 166 59
3336 7746 0 164 60
3336 7735 0 163 61
3343 7749 0 160 63
3363 7764 0 159 64
3390 7781 0 156 64
3418 7812 0 156 64
3445 7850 0 158 64
3463 7923 0 158 64
3476 8023 0 158 64
3485 8142 0 160 65
3485 8142 249 160 65
3491 8343 339 162 65
3480 8386 417 162 65
3463 8386 514 165 64
3445 8345 586 165 64
3420 8272 636 165 64
3407 8142 641 166 63
3407 7988 636 166 63
3412 7819 628 166 63
3426 7699 617 163 64
3451 7620 597 163 64
3473 7569 592 161 64
3491 7560 620 160 65
3509 7575 619 158 64
3528 7607 640 158 64
3547 7660 647 157 65
3559 7711 664 155 65
3565 7760 684 155 65
3565 7781 691 157 65
3565 7787 681 157 65
3565 7787 669 157 65
3557 7764 628 157 65
3557 7732 564 157 65
3562 7691 493 157 65
3580 7666 435 157 65
3606 7648 418 157 65
3633 7636 418 157 65
3654 7636 441 157 65
3666 7636 491 157 65
3673 7647 543 157 65
3673 7653 611 157 65
3673 7661 646 160 66
3673 7670 684 160 66
3665 7681 702 160 66
3665 7681 707 160 66
3649 7681 710 160 66
3630 7676 710 160 66
3608 7655 691 160 66
3586 7634 691 160 66
3564 7613 658 160 66
3553 7597 617 157 65
3553 7584 595 157 65
3568 7584 586 157 65
3594 7590 577 157 65
3623 7604 572 157 65
3656 7629 581 157 65
3686 7658 594 157 65
3702 7690 636 157 65
3709 7709 693 157 65
3709 7709 719 157 65
3709 7709 746 160 66
3709 7686 753 160 66
3701 7662 753 160 66
3701 7631 746 160 66
3701 7603 711 160 66
3715 7589 666 160 66
3733 7583 610 160 66
3755 7600 570 160 66
3781 7635 510 157 65
3803 7683 407 157 65
3823 7749 279 157 65
3841 7846 175 157 65
3857 7965 108 157 65
3872 8139 218 160 66
3888 8312 458 160 65
3888 8389 546 162 65
3874 8402 625 163 64
3864 8374 722 165 64
3841 8284 779 168 63
3810 8152 809 168 63
3795 7971 824 168 63
3783 7825 793 168 63
3777 7703 694 166 63
3777 7620 446 166 63
3777 7620 0 164 63
3777 7553 0 161 64
3791 7568 0 159 64
3803 7600 0 159 64
3833 7643 0 157 63
3872 7684 0 157 63
3908 7724 0 157 63
3945 7760 0 155 63
3972 7792 0 155 63
3993 7804 0 158 62
3993 7804 409 158 62
3993 7804 489 158 62
3993 7804 606 159 64
3993 7804 673 159 64
3985 7757 694 159 64
3978 7718 700 160 65
3968 7668 681 160 65
3973 7626 641 160 65
3978 7599 588 160 65
3984 7581 559 160 65
3984 7581 543 158 64
3994 7604 539 158 64
4004 7637 546 158 64
4014 7683 583 158 64
4020 7729 589 158 64
4025 7771 619 158 64
4025 7796 611 158 64
4025 7809 588 158 64
4025 7800 492 158 64
4025 7784 240 158 64
4025 7784 0 158 64
4032 7726 0 158 64
4048 7703 0 158 64
4067 7685 0 158 64
4078 7673 0 156 64
4083 7668 0 156 64
4083 7668 108 157 63
4083 7668 241 157 63
4083 7668 388 157 63
4083 7668 512 157 63
4083 7668 559 157 63
4083 7668 586 156 64
4083 7668 594 156 64
4083 7668 597 156 64
4083 7668 597 156 64
4083 7668 591 156 64
4092 7642 589 156 64
4107 7642 564 156 64
4126 7642 551 156 64
4148 7660 520 156 64
4170 7685 491 156 64
4197 7715 460 156 64
4227 7748 449 156 64
4248 7782 460 156 64
4260 7808 518 156 64
4253 7816 563 158 64
4236 7816 614 158 64
4211 7791 627 158 64
4170 7754 624 158 64
4143 7706 613 158 64
4125 7663 556 158 64
4125 7632 492 158 64
4141 7609 423 159 64
4168 7609 315 157 63
4202 7617 274 157 63
4236 7639 180 157 63
4270 7666 190 157 63
4295 7697 253 157 63
4313 7732 366 157 63
4313 7754 465 157 63
4313 7770 530 156 64
4313 7770 556 156 64
4313 7762 565 156 64
4318 7732 560 156 64
4318 7700 565 156 64
4326 7664 554 156 64
4331 7631 545 156 64
4331 7609 544 156 64
4324 7593 536 156 64
4318 7593 537 157 63
4312 7608 519 155 63
4304 7625 517 155 63
4292 7643 491 155 63
4277 7658 492 155 63
4268 7670 492 155 63
4262 7675 475 155 63
4262 7675 415 155 63
4262 7675 334 155 63
4272 7668 272 154 64
4287 7662 151 154 64
4310 7662 89 154 64
4337 7656 89 154 64
4365 7656 103 155 63
4392 7664 205 155 63
4416 7673 334 155 63
4439 7685 440 155 63
4452 7703 553 157 63
4452 7724 622 157 63
4445 7739 666 157 63
4436 7749 702 156 64
4425 7749 700 156 64
4407 7749 707 156 64
4385 7733 700 156 64
4352 7708 691 156 64
4322 7683 690 156 64
4302 7658 650 156 64
4289 7627 588 156 64
4279 7601 491 156 64
4289 7582 435 156 64
4313 7566 402 154 64
4353 7566 418 155 63
4393 7589 467 155 63
4415 7619 580 155 63
4425 7662 690 155 63
4400 7711 768 157 63
4288 7764 851 157 63
4118 7811 908 157 63
3840 7846 941 159 64
3457 7873 944 161 64
3005 7913 965 160 65
2552 7952 958 162 65
2190 7992 945 162 66
1888 8046 923 163 67
1747 8108 935 165 68
1755 8191 930 164 69
1863 8322 942 166 70
2105 8484 915 165 71
2436 8638 899 167 73
2825 8789 860 170 73
3209 8946 836 170 73
3551 9108 857 173 73
3864 9168 857 174 71
4034 9150 852 175 70
4075 9081 852 178 68
4030 8967 864 178 67
3852 8804 853 178 66
3546 8608 908 178 66
3155 8400 941 178 66
2718 8189 992 176 66
2337 7962 996 175 67
1992 7724 990 173 68
1795 7538 978 172 70
1720 7410 982 169 71
1725 7321 965 169 71
1800 7243 950 165 71
1980 7210 943 161 72
2231 7210 920 158 72
2547 7227 906 155 71
2863 7244 899 155 71
3179 7257 900 155 71
3427 7264 908 154 70
3619 7264 908 154 70
3774 7269 926 155 69
3865 7269 932 156 68
3908 7275 933 156 68
3920 7275 929 158 67
3920 7275 899 158 67
3915 7275 836 158 67
3906 7275 613 159 67
