1485 8279 361 105 71
1495 8318 461 108 71
1495 8318 564 111 71
1490 8306 638 113 71
1471 8257 727 113 71
1440 8183 812 112 70
1386 8046 857 112 70
1333 7906 921 111 69
1281 7761 964 109 69
1234 7656 985 108 68
1205 7578 973 105 67
1188 7523 980 104 66
1173 7496 950 101 66
1173 7487 896 101 65
1180 7501 836 99 65
1198 7576 784 99 65
1232 7693 754 98 64
1276 7865 743 98 64
1320 8047 751 99 65
1368 8237 763 101 65
1425 8315 776 101 66
1484 8360 797 103 65
1529 8384 814 104 66
1566 8368 845 107 67
1591 8332 876 107 67
1591 8282 905 110 68
1580 8201 933 110 68
1542 8116 940 110 68
1503 8036 947 110 68
1462 7961 961 110 68
1435 7902 965 110 68
1428 7870 968 110 68
1435 7856 967 110 68
1446 7848 964 110 68
1460 7840 958 111 69
1481 7831 951 111 69
1508 7831 867 111 69
1535 7831 737 111 69
1564 7841 400 111 69
1564 7841 0 110 68
1623 7866 0 110 68
1632 7866 0 109 67
1632 7866 0 109 67
1632 7857 0 111 67
1642 7852 0 110 66
1657 7852 0 110 66
1676 7839 0 110 66
1676 7839 391 110 66
1705 7826 519 110 66
1705 7826 652 111 67
1718 7826 761 111 67
1718 7817 787 109 67
1723 7817 785 110 68
1723 7817 725 110 68
1723 7817 581 110 68
1733 7826 226 110 68
1733 7826 0 111 69
1764 7849 0 111 69
1780 7857 0 114 68
1794 7864 0 114 68
1828 7864 0 112 67
1867 7871 0 115 67
1904 7876 0 116 66
1938 7876 0 116 66
1965 7885 0 117 65
1982 7892 0 116 64
1992 7900 0 116 64
2012 7911 0 115 63
2028 7924 0 113 63
2042 7936 0 111 64
2056 7951 0 108 63
2067 7967 0 106 63
2076 7979 0 104 63
2089 7989 0 102 63
2100 7994 0 102 63
2100 7994 222 100 64
2094 7951 538 101 65
2065 7904 611 103 64
2024 7822 728 103 64
1985 7716 788 103 65
1947 7641 854 105 65
1930 7586 867 106 66
1925 7545 857 106 66
1925 7523 857 108 66
1925 7523 854 108 66
1931 7528 855 106 66
1940 7562 860 106 66
1957 7629 869 106 66
1991 7719 876 106 66
2035 7851 875 106 66
2097 7981 872 106 66
2149 8040 881 108 66
2193 8052 888 108 66
2213 8052 899 111 67
2224 8042 908 111 67
2229 8003 905 111 67
2217 7946 860 114 66
2201 7892 731 114 66
2181 7856 415 114 66
2181 7856 0 114 66
2174 7826 0 114 66
2174 7831 0 114 66
2186 7845 0 114 66
2209 7859 0 113 65
2242 7876 0 113 65
2279 7896 0 113 65
2316 7911 0 112 64
2347 7922 0 112 64
2375 7922 0 110 65
2391 7912 0 110 65
2397 7890 0 110 65
2397 7890 101 110 65
2397 7858 649 108 65
2397 7850 753 108 66
2397 7850 864 110 66
2403 7869 903 110 66
2419 7892 939 114 66
2444 7925 938 114 66
2477 7966 940 114 66
2510 8013 944 116 66
2533 8039 893 117 67
2551 8063 767 117 67
2561 8080 379 117 67
2561 8080 0 117 67
2561 8087 0 117 67
2536 8082 0 117 67
2536 8073 0 117 67
2544 8058 0 117 67
2568 8042 0 116 68
2594 8023 0 116 68
2623 8005 0 116 68
2649 7989 0 114 68
2664 7975 0 111 69
2672 7963 0 110 68
2664 7951 0 107 67
2653 7939 0 107 67
2639 7922 0 107 67
2628 7905 0 106 66
2628 7905 183 108 66
2644 7878 372 108 66
2654 7878 466 111 67
2686 7878 561 114 66
2733 7897 636 117 67
2785 7927 697 118 68
2833 7964 746 118 68
2879 8001 765 120 67
2913 8042 779 120 67
2932 8087 784 119 66
2941 8127 785 119 66
2933 8143 794 120 67
2902 8143 797 120 67
2856 8114 800 120 67
2806 8070 842 120 67
2760 8015 861 120 67
2741 7958 891 120 67
2741 7913 891 120 67
2763 7877 864 120 67
2794 7859 785 120 67
2838 7859 605 119 66
2892 7874 91 119 66
2892 7874 0 119 66
2990 7942 0 119 66
3007 7965 0 118 65
3007 7982 0 116 66
3015 7998 0 116 66
3015 8010 0 116 66
3015 8027 0 114 66
3020 8047 0 114 66
3040 8069 0 114 66
3071 8089 0 114 66
3071 8089 346 114 66
3144 8117 490 114 66
3170 8127 614 116 66
3213 8134 676 117 67
3247 8134 728 119 66
3263 8127 776 119 66
3263 8116 799 121 66
3255 8086 817 121 66
3219 8044 858 121 66
3167 7997 909 121 66
3123 7954 936 121 66
3117 7915 934 121 66
3136 7888 973 121 66
3169 7871 971 121 66
3221 7857 950 121 66
3285 7866 891 121 66
3361 7890 734 121 66
3423 7905 256 123 65
3423 7905 0 123 65
3410 7920 0 124 66
3323 7908 0 124 66
3202 7881 0 124 66
3058 7854 0 123 65
2814 7808 0 123 65
2621 7749 0 125 65
2461 7687 0 124 64
2386 7625 0 125 64
2331 7568 0 125 64
2289 7514 0 125 64
2252 7457 0 125 64
2209 7407 0 125 64
2153 7362 0 124 64
2089 7321 0 122 65
2026 7294 0 120 65
1983 7276 0 117 65
1953 7269 0 114 64
1953 7269 387 112 64
1972 7309 559 112 64
1972 7356 595 112 64
2022 7441 658 110 66
2139 7552 693 110 66
2300 7694 754 111 67
2477 7880 794 112 67
2627 8096 818 115 67
2758 8265 860 116 68
2818 8378 905 119 68
2818 8454 924 119 68
2777 8487 945 123 69
2703 8487 956 123 69
2598 8459 983 125 70
2472 8392 987 127 69
2409 8324 999 127 69
2409 8254 1014 127 69
2440 8154 1023 127 69
2537 8033 1018 127 70
2661 7919 1023 127 70
2803 7826 1023 127 70
2879 7748 1023 127 70
2888 7676 1023 122 70
2853 7605 1023 122 70
2747 7534 1023 121 69
2585 7474 1023 119 68
2385 7411 1023 119 68
2211 7375 1023 119 68
2098 7359 1023 116 68
2025 7359 993 116 68
2012 7372 958 116 68
2058 7404 944 116 68
2144 7474 933 115 69
2306 7565 938 115 69
2533 7669 930 115 69
2802 7794 932 116 70
3068 7953 923 116 70
3301 8134 912 116 70
3511 8303 921 117 71
3628 8466 941 117 71
3658 8580 958 122 71
3630 8664 952 122 71
3511 8722 949 122 71
3298 8745 964 122 71
3021 8745 947 122 71
2676 8694 940 122 71
2295 8615 956 119 72
1891 8516 973 119 72
1493 8378 1000 116 72
1167 8244 1023 116 72
890 8113 1005 115 74
710 7986 981 111 74
643 7869 982 111 74
650 7760 952 109 75
769 7669 949 109 75
996 7620 943 109 75
1296 7598 950 108 74
1657 7598 962 108 74
2073 7606 964 108 74
2526 7627 974 111 74
2947 7664 973 111 74
3274 7699 985 115 74
3539 7731 1023 115 74
3692 7739 1023 118 73
3743 7731 1023 121 73
3727 7726 1023 121 73
3683 7719 1023 123 72
3604 7688 1023 123 72
3502 7642 1023 123 72
3404 7601 1023 126 72
3309 7559 1023 126 72
3248 7517 1023 126 72
3208 7491 1023 123 72
3193 7475 759 123 72
