1240 8084 22 148 67
1240 8084 376 144 67
1268 8059 633 142 68
1268 8024 783 141 68
1268 7954 893 141 68
1260 7861 974 142 68
1244 7763 978 140 67
1231 7667 985 142 66
1219 7600 992 142 66
1209 7553 923 140 66
1198 7521 733 140 66
1193 7505 105 140 66
1193 7505 0 138 65
1193 7563 0 138 65
1193 7626 0 140 65
1193 7691 0 140 65
1186 7769 0 140 65
1178 7853 0 141 64
1151 7906 0 143 63
1115 7930 0 143 63
1115 7930 565 145 64
1048 7943 699 145 64
1048 7957 811 145 64
1066 7975 837 143 64
1114 8000 846 143 64
1202 8031 834 142 65
1316 8067 797 142 65
1396 8067 757 140 66
1436 8040 743 140 66
1450 7999 770 142 66
1427 7952 803 142 66
1380 7905 824 142 66
1317 7858 811 142 66
1256 7824 727 142 66
1227 7797 299 144 66
1227 7797 0 144 66
1243 7802 0 144 66
1286 7825 0 144 66
1342 7843 0 143 64
1397 7859 0 145 65
1450 7868 0 145 65
1479 7868 0 146 64
1492 7860 0 148 65
1492 7849 0 150 65
1482 7836 0 150 65
1471 7829 0 151 64
1471 7829 46 150 65
1471 7829 155 150 65
1471 7829 247 150 65
1471 7829 344 150 65
1496 7853 491 150 65
1509 7864 641 150 65
1521 7874 746 150 65
1530 7882 843 150 65
1530 7882 918 150 65
1530 7882 971 150 65
1523 7882 997 150 65
1511 7882 1009 152 65
1495 7869 1023 152 65
1465 7850 1023 152 65
1434 7822 1023 152 65
1401 7789 1023 151 66
1384 7758 1017 151 66
1368 7728 982 151 66
1368 7711 938 150 67
1381 7704 909 150 67
1413 7704 867 146 67
1446 7715 832 146 67
1478 7743 799 146 67
1509 7767 790 146 67
1527 7789 806 146 67
1537 7811 827 148 68
1537 7823 863 150 67
1537 7831 908 150 67
1537 7831 897 150 67
1537 7831 899 150 67
1529 7806 902 151 66
1522 7770 896 151 66
1515 7741 891 151 66
1525 7712 834 151 66
1536 7685 788 150 67
1564 7673 675 150 67
1602 7673 425 148 67
1647 7683 277 148 67
1690 7700 207 150 67
1718 7719 291 150 67
1736 7736 442 150 67
1747 7755 539 152 68
1753 7773 641 152 68
1753 7792 690 152 68
1758 7809 765 154 68
1758 7824 863 154 68
1758 7824 914 158 67
1753 7830 937 158 67
1744 7830 962 158 67
1731 7818 976 158 67
1713 7799 980 158 67
1691 7764 973 155 67
1666 7721 964 154 68
1666 7692 941 152 68
1678 7670 930 152 68
1698 7653 892 152 68
1725 7653 879 150 67
1753 7662 861 150 67
1775 7680 855 150 67
1786 7706 853 152 68
1791 7732 855 152 68
1791 7756 851 154 68
1791 7776 843 154 68
1791 7785 819 156 68
1786 7785 790 156 68
1786 7785 793 156 68
1812 7785 782 156 68
1847 7796 765 156 68
1892 7812 751 156 68
1937 7839 728 156 68
1973 7872 716 156 68
2003 7910 708 158 67
2020 7961 707 158 67
2031 8018 724 158 67
2038 8079 754 159 67
2032 8119 830 159 67
2022 8135 872 156 66
2010 8135 890 156 66
1988 8116 918 156 66
1959 8057 942 156 66
1925 7972 951 156 66
1901 7876 918 156 66
1892 7805 873 156 66
1892 7751 796 159 67
1904 7729 696 159 67
1920 7723 488 158 67
1943 7728 170 158 67
1943 7728 0 158 67
1996 7768 0 158 67
2022 7789 0 158 67
2043 7803 0 158 67
2043 7803 53 158 67
2070 7829 314 159 67
2079 7841 538 159 67
2087 7851 664 159 67
2093 7859 762 156 66
2099 7864 837 156 66
2099 7870 906 156 66
2099 7870 935 157 65
2099 7870 994 157 65
2099 7875 1006 160 66
2090 7875 1014 160 66
2079 7864 1014 160 66
2054 7846 1015 160 66
2031 7810 1003 159 67
2009 7763 976 159 67
2009 7735 929 159 67
2022 7718 876 158 67
2039 7708 828 158 67
2065 7714 800 158 67
2092 7732 794 156 68
2117 7757 791 156 68
2134 7785 783 156 68
2148 7811 806 156 68
2148 7821 830 156 68
2148 7821 828 158 67
2148 7805 831 158 67
2148 7785 830 158 67
2148 7758 791 158 67
2155 7729 594 158 67
2155 7729 0 158 67
2174 7705 0 158 67
2186 7720 0 158 67
2202 7744 0 158 67
2253 7773 0 158 67
2326 7796 0 159 67
2497 7826 0 157 65
2667 7862 0 157 65
2837 7884 0 158 64
2929 7903 0 159 64
2973 7914 0 158 62
2986 7920 0 156 62
2966 7920 0 157 61
2942 7910 0 156 61
2914 7904 0 156 61
2888 7899 0 156 61
2859 7893 0 153 61
2823 7893 0 153 61
2783 7887 0 153 61
2741 7887 0 153 61
2702 7887 0 155 62
2668 7887 0 155 62
2647 7904 0 155 62
2636 7917 0 156 62
2647 7933 0 158 62
2661 7951 0 159 64
2679 7974 0 159 64
2701 7997 0 161 64
2701 7997 61 160 65
2743 8037 396 160 65
2754 8050 644 160 66
2754 8059 785 160 66
2761 8059 882 159 67
2761 8059 942 156 66
2751 8059 961 156 66
2728 8053 981 157 65
2692 8041 1023 157 65
2648 8017 1023 157 65
2597 7972 1023 157 65
2572 7914 1023 157 65
2564 7878 999 157 65
2569 7851 988 155 65
2587 7831 959 157 65
2614 7815 944 157 65
2644 7799 938 157 65
2672 7784 942 157 65
2672 7742 953 157 65
2658 7683 991 160 66
2625 7612 997 160 66
2573 7531 985 160 66
2509 7469 971 160 66
2476 7420 909 157 65
2463 7410 767 157 65
2463 7424 359 156 66
2463 7424 0 154 66
2504 7518 0 154 66
2546 7584 0 154 66
2594 7652 0 152 65
2647 7703 0 152 65
2710 7750 0 152 65
2768 7789 0 153 65
2821 7821 0 153 65
2821 7821 91 153 65
2894 7865 299 151 64
2916 7878 488 151 64
2925 7888 638 153 63
2934 7898 774 153 63
2934 7904 872 154 64
2925 7911 939 155 63
2920 7917 956 155 63
2906 7917 986 155 63
2886 7917 984 155 63
2867 7909 999 155 63
2838 7893 1005 156 62
2803 7867 1006 155 63
2785 7837 996 155 63
2771 7812 980 155 63
2764 7784 935 154 64
2775 7767 879 154 64
2799 7757 817 154 64
2827 7757 771 153 65
2856 7772 736 153 65
2884 7790 727 153 65
2901 7808 721 153 65
2912 7830 754 153 65
2912 7854 796 153 65
2912 7862 853 153 65
2905 7868 929 153 65
2898 7868 977 154 64
2893 7868 1023 154 64
2893 7868 1023 154 64
2893 7860 1023 155 63
2893 7844 1023 155 63
2903 7822 1023 155 63
2917 7799 1023 154 64
2934 7782 1023 154 64
2958 7766 1023 154 64
2987 7761 990 153 65
3015 7761 967 153 65
3035 7770 956 152 65
3051 7785 955 152 65
3063 7803 952 152 65
3063 7821 958 152 65
3063 7827 959 152 65
3063 7827 962 152 65
3063 7812 964 152 65
3063 7795 950 152 65
3063 7780 917 153 65
3069 7769 827 153 65
3090 7760 588 153 65
3090 7760 0 153 65
3164 7781 0 153 65
3202 7803 0 153 65
3234 7824 0 153 65
3257 7844 0 153 65
3269 7861 0 153 65
3269 7875 0 153 65
3269 7875 307 154 64
3269 7875 536 154 64
3266 7901 719 154 64
3266 7909 796 155 63
3266 7909 864 155 63
3266 7909 902 155 63
3261 7900 921 156 62
3248 7883 942 155 63
3225 7857 950 155 63
3195 7827 951 155 63
3181 7794 938 154 64
3181 7766 909 154 64
3201 7741 858 154 64
3221 7732 796 153 65
3250 7739 763 153 65
3286 7758 727 153 65
3311 7778 742 153 65
3322 7793 787 153 65
3322 7801 832 153 65
3322 7801 840 153 65
3312 7794 851 153 65
3307 7781 842 153 65
3307 7768 787 153 65
3313 7755 696 155 65
3329 7746 312 155 65
3329 7746 0 155 65
3383 7763 0 155 65
3402 7783 0 155 65
3415 7812 0 155 65
3430 7847 0 158 64
3430 7902 0 158 64
3430 7944 0 158 64
3411 7978 0 161 64
3411 7978 560 161 64
3356 7999 762 161 64
3335 7999 876 161 64
3328 7999 869 160 65
3328 7999 727 160 65
3346 7986 103 160 65
3346 7986 0 160 66
3393 7957 0 160 66
3428 7950 0 162 66
3466 7943 0 162 66
3503 7928 0 162 66
3527 7913 0 162 66
3542 7898 0 162 65
3542 7888 0 162 65
3532 7880 0 163 64
3516 7880 0 163 64
3516 7880 214 164 63
3516 7880 470 164 63
3490 7886 667 165 62
3490 7891 761 165 62
3490 7896 818 165 62
3490 7896 867 163 62
3490 7896 896 163 62
3490 7903 935 163 62
3490 7903 973 161 62
3490 7903 992 161 62
3483 7903 994 161 62
3464 7896 995 161 62
3435 7875 985 160 63
3396 7843 950 160 63
3366 7821 915 160 63
3359 7803 863 160 63
3364 7788 805 159 64
3380 7775 733 157 63
3412 7775 620 157 63
3455 7793 519 156 64
3485 7818 468 156 64
3504 7842 467 156 64
3515 7861 526 158 64
3515 7871 611 158 64
3502 7871 662 158 64
3489 7861 700 159 64
3479 7841 739 159 64
3468 7814 761 159 64
3462 7792 760 159 64
3468 7781 759 159 64
3483 7781 757 159 64
3503 7789 767 158 64
3528 7817 771 160 65
3553 7856 790 160 65
3574 7905 806 160 65
3592 7975 820 162 65
3598 8060 829 165 64
3605 8164 818 165 64
3605 8272 827 167 64
3600 8382 861 170 64
3600 8413 869 172 64
3600 8397 863 174 64
3600 8350 860 176 63
3613 8245 860 176 63
3634 8126 870 176 63
3663 7999 905 176 63
3687 7917 924 178 63
3710 7871 950 178 63
3720 7849 940 178 63
3720 7849 937 178 64
3710 7863 926 178 64
3668 7888 908 178 64
3605 7919 891 178 64
3500 7951 890 178 64
3329 7982 906 176 64
3115 7991 951 176 65
2829 7991 992 176 65
2497 7949 1023 174 65
2134 7891 1023 173 66
1802 7819 1023 173 66
1592 7756 1023 171 67
1464 7718 1023 171 67
1432 7696 1023 171 67
1440 7672 1023 171 67
1474 7627 1023 171 67
1609 7567 1023 171 67
1840 7519 1023 171 67
2135 7503 1023 171 67
2494 7509 1023 173 67
2885 7525 1023 173 67
3296 7548 989 173 66
3604 7576 700 176 66
