787 8359 61 155 55
787 8359 221 154 55
787 8359 317 154 55
787 8359 396 153 55
787 8359 418 151 54
787 8359 414 148 54
787 8359 428 147 53
787 8359 443 146 53
787 8359 448 143 53
784 8321 465 142 53
793 8297 473 142 53
793 8267 481 141 52
793 8233 493 141 52
793 8199 496 141 52
793 8166 488 141 52
793 8143 488 141 52
788 8125 491 141 52
788 8125 491 140 52
788 8125 499 140 52
793 8133 504 140 52
798 8153 510 140 52
809 8201 515 140 52
818 8252 519 140 52
818 8305 519 140 52
810 8360 540 140 52
810 8394 544 140 52
810 8414 536 140 52
810 8414 546 140 52
810 8408 546 140 52
810 8386 543 141 51
817 8353 544 141 51
824 8321 536 141 51
836 8288 546 141 51
853 8267 539 141 51
872 8255 546 141 51
895 8246 551 141 51
922 8246 556 141 51
950 8261 551 141 51
983 8279 551 141 51
1009 8302 548 141 51
1032 8328 543 141 51
1041 8360 543 141 51
1052 8398 545 141 51
1052 8439 551 141 51
1039 8472 563 140 51
1029 8486 564 140 51
1017 8486 572 140 51
1004 8476 577 140 51
998 8447 577 140 51
992 8406 586 140 51
992 8348 585 140 51
992 8293 592 140 51
992 8239 595 140 51
992 8199 592 140 51
992 8167 588 140 51
992 8140 581 140 51
998 8125 543 140 51
998 8117 458 138 51
1005 8117 285 138 51
1005 8117 0 140 52
1035 8117 0 140 52
1067 8125 0 141 52
1103 8140 0 142 53
1139 8155 0 143 53
1175 8171 0 143 53
1205 8182 0 145 54
1234 8194 0 145 54
1255 8205 0 146 54
1272 8215 0 147 53
1283 8223 0 147 53
1289 8232 0 147 53
1289 8239 0 147 53
1289 8247 0 147 53
1289 8247 51 147 53
1289 8247 210 147 53
1269 8282 305 146 53
1259 8289 407 147 52
1248 8295 496 146 52
1239 8295 546 144 51
1230 8295 561 144 51
1215 8288 585 143 51
1195 8278 597 143 51
1173 8262 611 141 51
1151 8235 613 141 51
1130 8201 611 141 51
1116 8172 611 141 51
1107 8144 592 141 51
1107 8118 588 141 51
1123 8103 589 141 51
1143 8097 591 141 51
1166 8097 592 138 51
1198 8111 591 138 51
1229 8138 581 140 52
1260 8174 580 140 52
1279 8204 581 140 52
1291 8230 591 140 52
1291 8249 597 141 51
1296 8254 602 141 51
1296 8254 613 141 51
1296 8233 616 141 51
1289 8204 614 141 51
1284 8166 611 142 50
1291 8129 617 142 50
1300 8094 620 141 51
1312 8070 616 142 52
1327 8053 605 142 52
1343 8044 570 142 52
1359 8044 453 141 52
1380 8059 171 141 52
1380 8059 0 142 53
1428 8129 0 142 53
1444 8175 0 143 53
1457 8242 0 143 53
1470 8312 0 146 53
1483 8384 0 147 53
1492 8432 0 148 54
1497 8459 0 149 53
1497 8472 0 151 53
1497 8472 119 151 53
1497 8472 249 151 53
1471 8485 366 151 53
1465 8485 420 151 53
1465 8470 442 151 53
1459 8452 471 149 53
1459 8416 505 149 53
1459 8367 521 148 53
1459 8311 535 148 53
1467 8255 535 148 53
1474 8204 527 147 52
1482 8156 502 147 52
1491 8120 448 148 53
1500 8096 353 148 53
1500 8080 254 148 53
1500 8080 149 149 53
1500 8091 100 149 53
1500 8112 100 149 53
1494 8144 136 149 53
1494 8178 212 149 53
1488 8213 244 149 53
1488 8234 309 149 53
1496 8242 373 149 53
1505 8242 404 149 53
1522 8237 415 149 53
1545 8231 423 151 53
1572 8224 440 151 53
1604 8224 453 151 53
1638 8224 455 151 53
1661 8231 465 151 53
1678 8236 475 151 53
1678 8236 509 151 53
1678 8236 519 151 53
1671 8222 537 151 53
1663 8203 546 149 53
1654 8176 557 149 53
1645 8146 559 149 53
1654 8118 556 149 53
1666 8093 530 149 53
1682 8082 493 149 53
1703 8082 329 149 53
1703 8082 0 149 53
1763 8125 0 151 53
1784 8163 0 151 53
1798 8210 0 152 54
1804 8257 0 152 54
1796 8301 0 153 54
1779 8347 0 155 54
1754 8366 0 155 54
1754 8366 93 156 53
1713 8366 113 156 53
1699 8352 124 156 53
1691 8335 17 156 53
1691 8335 0 156 53
1714 8309 0 154 53
1729 8303 0 154 53
1747 8308 0 154 53
1769 8308 0 154 53
1791 8308 0 154 53
1805 8297 0 156 53
1814 8274 0 156 53
1819 8240 0 156 53
1819 8240 289 157 54
1819 8182 384 157 54
1827 8182 489 157 54
1840 8182 562 156 53
1864 8182 578 156 53
1898 8193 577 156 53
1935 8218 564 154 53
1970 8242 518 154 53
1991 8267 465 154 53
2004 8294 418 153 53
2004 8320 344 153 53
1987 8353 311 154 53
1961 8386 304 154 53
1931 8402 345 154 53
1902 8407 405 154 53
1877 8389 471 154 53
1853 8357 498 155 52
1834 8317 546 155 52
1822 8269 564 154 53
1822 8221 589 154 53
1829 8173 602 153 53
1849 8142 603 153 53
1875 8123 602 153 53
1906 8112 581 153 53
1956 8124 460 153 53
2010 8152 120 153 53
2010 8152 0 154 53
2116 8249 0 154 53
2150 8306 0 154 53
2173 8369 0 154 53
2189 8441 0 154 53
2200 8518 0 154 53
2207 8559 0 154 53
2201 8565 0 155 52
2201 8565 284 155 52
2188 8522 341 156 53
2173 8500 465 156 53
2173 8480 546 156 53
2173 8451 599 158 53
2181 8419 652 157 54
2189 8378 696 157 54
2198 8332 700 157 54
2208 8287 708 157 54
2214 8246 713 157 54
2214 8207 705 157 54
2225 8177 690 157 54
2230 8157 647 158 53
2230 8144 597 158 53
2235 8144 551 158 53
2235 8154 512 158 53
2235 8167 455 158 53
2230 8190 425 158 53
2218 8218 415 158 53
2202 8249 445 158 53
2182 8269 493 158 53
2154 8285 518 158 53
2126 8293 537 158 53
2101 8293 563 158 53
2079 8286 585 158 53
2068 8270 606 156 53
2058 8247 610 156 53
2058 8228 634 156 53
2058 8208 636 156 53
2070 8187 647 156 53
2089 8173 645 156 53
2115 8164 616 156 53
2154 8164 527 156 53
2201 8173 282 156 53
2201 8173 0 156 53
2268 8211 0 156 53
2285 8235 0 156 53
2303 8260 0 156 53
2319 8276 0 154 53
2327 8276 0 154 53
2327 8276 70 154 53
2327 8276 260 154 53
2327 8276 409 155 52
2327 8276 515 155 52
2353 8253 561 155 52
2377 8253 589 156 53
2400 8258 585 156 53
2422 8266 595 158 53
2439 8277 569 158 53
2450 8291 543 159 53
2458 8304 464 159 53
2463 8322 394 159 53
2463 8343 285 159 53
2453 8367 196 159 53
2437 8387 190 159 53
2417 8400 228 159 53
2393 8400 297 159 53
2372 8389 382 159 53
2355 8370 455 159 53
2341 8343 519 159 53
2341 8309 589 159 53
2341 8275 639 159 53
2358 8243 656 159 53
2383 8222 666 159 53
2416 8211 662 159 53
2453 8211 586 159 53
2492 8217 175 159 53
2492 8217 0 159 53
2552 8267 0 159 53
2552 8315 0 159 53
2552 8354 0 159 53
2541 8386 0 160 53
2536 8531 0 160 53
2553 8619 0 162 53
2586 8668 0 164 53
2614 8702 0 166 52
2640 8702 0 167 50
2664 8690 0 168 49
2705 8690 0 167 48
2761 8690 0 165 46
2827 8676 0 161 44
2902 8662 0 158 42
2973 8653 0 155 40
3040 8647 0 152 38
3089 8630 0 150 36
3119 8618 0 149 35
3135 8595 0 148 34
3124 8563 0 148 34
3106 8522 0 149 36
3084 8481 0 150 36
3059 8437 0 151 37
3034 8392 0 151 38
3011 8347 0 149 40
2981 8333 0 148 41
2940 8339 0 148 42
2891 8332 0 147 44
2824 8332 0 149 46
2780 8332 0 149 47
2751 8343 0 150 47
2742 8351 0 150 48
2735 8360 0 151 49
2730 8365 0 151 50
2720 8365 0 151 50
2706 8365 0 151 50
2695 8365 0 151 50
2684 8365 0 151 50
2678 8360 0 151 50
2678 8360 0 151 50
2678 8355 0 152 49
2689 8355 0 152 49
2698 8355 0 152 49
2708 8355 0 152 51
2715 8355 0 152 51
2720 8360 0 152 51
2720 8365 0 152 51
2727 8371 0 152 51
2735 8380 0 153 51
2748 8392 0 153 51
2763 8406 0 154 50
2778 8421 0 155 50
2789 8436 0 155 50
2799 8451 0 155 50
2805 8467 0 157 51
2811 8482 0 157 51
2811 8482 86 157 51
2811 8482 250 156 51
2811 8510 366 156 51
2811 8510 445 156 51
2805 8516 495 156 51
2805 8502 507 155 51
2805 8479 542 153 51
2810 8435 567 153 51
2810 8386 605 153 51
2810 8335 622 152 51
2810 8284 631 152 51
2801 8250 638 152 51
2801 8229 638 151 50
2801 8216 628 151 50
2801 8216 628 151 50
2801 8224 611 151 50
2801 8242 614 151 50
2808 8282 605 151 50
2808 8334 586 151 50
2808 8393 594 151 50
2799 8444 597 151 50
2786 8478 602 151 50
2778 8501 600 151 50
2778 8501 603 151 50
2787 8474 605 151 50
2802 8439 605 151 50
2821 8396 602 151 50
2852 8365 606 151 50
2892 8342 603 152 49
2936 8336 597 152 49
2973 8341 591 152 49
3005 8354 561 153 50
3034 8380 541 153 50
3045 8409 512 153 50
3045 8440 495 153 50
3024 8473 498 153 50
2998 8511 501 152 51
2967 8553 519 152 51
2944 8571 522 152 51
2926 8566 516 152 51
2916 8545 537 152 51
2911 8494 542 152 51
2911 8439 564 152 51
2925 8382 561 152 51
2938 8324 564 152 51
2953 8281 560 152 51
2970 8248 536 152 51
2986 8222 491 152 51
3005 8210 417 152 51
3028 8210 242 153 51
3062 8226 1 153 51
3062 8226 0 153 51
3129 8287 0 155 51
3143 8320 0 155 51
3150 8335 0 155 51
3150 8335 148 156 51
3150 8335 247 156 51
3150 8335 334 156 51
3113 8278 394 156 51
3106 8245 439 156 51
3115 8214 486 156 51
3132 8187 501 155 51
3156 8171 515 155 51
3185 8163 527 155 51
3220 8174 530 155 51
3256 8197 518 155 51
3283 8229 512 155 51
3305 8267 481 155 51
3311 8309 464 156 51
3298 8353 450 156 51
3271 8397 463 156 51
3245 8433 466 157 51
3221 8444 470 157 51
3203 8444 470 157 51
3195 8425 472 157 51
3189 8403 475 157 51
3198 8376 475 157 51
3218 8350 477 157 51
3254 8329 485 157 51
3293 8312 483 157 51
3336 8300 486 157 51
3376 8288 488 157 51
3402 8273 493 157 51
3420 8261 491 157 51
3432 8245 501 158 51
3438 8229 509 158 51
3438 8210 509 158 51
3438 8189 491 158 51
3430 8179 486 158 51
3421 8179 468 158 51
3411 8179 420 158 51
3400 8196 373 158 51
3387 8221 333 158 51
3387 8258 314 158 51
3387 8293 314 158 51
3401 8326 319 158 51
3421 8334 354 158 51
3447 8334 396 158 51
3481 8334 414 158 51
3520 8334 445 158 51
3562 8324 468 158 51
3596 8324 465 159 51
3625 8329 471 159 51
3657 8344 453 159 51
3680 8364 420 159 51
3698 8387 405 160 51
3704 8412 368 160 51
3704 8436 361 160 51
3690 8457 366 160 51
3668 8474 396 160 51
3646 8468 425 160 51
3625 8449 460 160 51
3606 8416 493 160 51
3587 8380 519 160 51
3582 8342 551 160 51
3582 8304 567 160 51
3595 8277 569 159 51
3614 8255 592 159 51
3645 8241 608 159 51
3681 8241 613 159 51
3726 8258 586 159 51
3770 8282 543 159 51
3811 8313 491 159 51
3837 8349 456 159 51
3847 8376 447 159 51
3847 8398 456 159 51
3841 8411 467 160 50
3830 8411 493 160 50
3815 8395 520 159 51
3803 8371 540 159 51
3794 8344 550 159 51
3794 8313 567 159 51
3799 8282 581 159 51
3814 8263 588 159 51
3835 8251 586 159 51
3865 8251 591 159 51
3901 8262 575 159 51
3937 8283 541 159 51
3966 8305 488 160 51
3990 8328 435 160 51
4002 8353 396 162 52
4002 8373 389 162 52
3994 8387 417 162 52
3985 8387 438 163 52
3975 8381 468 163 52
3965 8365 504 163 52
3965 8342 527 163 52
3965 8319 546 163 52
3978 8295 554 163 52
3993 8277 559 163 52
4012 8263 561 163 52
4039 8252 559 163 52
4070 8252 537 163 52
4103 8252 519 163 52
4138 8272 493 162 52
4159 8292 469 162 51
4170 8313 458 162 52
4170 8329 465 160 51
4162 8343 491 160 51
4152 8343 514 160 51
4142 8343 540 160 51
4134 8329 561 160 51
4129 8310 580 160 51
4129 8287 594 160 51
4129 8270 619 160 51
4145 8257 637 160 51
4162 8250 655 160 51
4186 8250 664 160 51
4211 8262 658 160 51
4229 8281 646 161 50
4243 8304 639 161 50
4243 8329 614 161 50
4231 8357 597 161 50
4206 8384 563 160 50
4175 8407 494 160 50
4147 8412 433 161 50
4123 8405 285 161 50
4123 8405 0 161 50
4084 8347 0 161 50
4066 8320 0 161 50
4052 8299 0 161 50
4047 8286 0 161 50
4047 8281 0 161 50
4071 8281 0 161 50
4104 8295 0 161 50
4148 8316 0 160 50
4193 8343 0 159 50
4239 8367 0 159 50
4267 8389 0 157 50
4286 8406 0 157 50
4286 8418 0 156 50
4265 8418 0 156 50
4237 8412 0 157 49
4199 8407 0 157 49
4161 8397 0 157 49
4119 8386 0 158 48
4073 8376 0 158 48
4036 8367 0 157 49
4001 8358 0 157 49
3971 8348 0 158 49
3952 8337 0 157 50
3938 8328 0 157 50
3931 8320 0 159 50
3931 8320 215 159 51
3931 8320 292 159 51
3931 8320 398 160 51
3956 8308 465 162 52
3972 8308 517 163 52
3984 8308 545 163 52
3992 8316 580 164 52
3992 8322 609 164 52
4000 8331 634 165 51
4000 8346 661 165 51
3990 8364 673 165 51
3961 8393 659 165 51
3910 8426 656 165 51
3844 8462 655 165 51
3743 8508 664 164 52
3602 8556 669 164 52
3434 8606 700 163 52
3244 8658 700 162 53
3041 8707 737 161 52
2829 8747 750 160 52
2601 8778 780 160 52
2378 8789 783 159 53
2158 8789 784 158 53
1952 8762 800 158 53
1747 8730 797 156 53
1551 8681 811 156 53
1373 8623 802 154 53
1263 8571 791 153 53
1189 8507 788 152 53
1112 8443 790 149 52
1071 8383 779 148 51
1054 8317 771 145 51
1080 8239 762 144 50
1137 8154 762 143 50
1214 8084 760 143 50
1336 8043 753 144 49
1497 8021 751 143 50
1683 8026 748 143 50
1888 8063 733 144 50
2071 8121 694 145 51
2239 8173 679 147 51
2339 8224 666 149 52
2401 8273 673 151 51
2437 8314 682 153 52
2437 8349 693 154 52
2427 8393 702 156 51
2400 8430 697 156 51
2345 8443 697 157 52
2275 8443 699 158 51
2196 8409 714 158 51
2111 8360 719 158 51
2068 8300 727 158 51
2053 8232 731 158 51
2067 8172 731 157 52
2122 8118 721 157 52
2205 8071 730 157 52
2305 8040 727 156 51
2396 8021 728 157 52
2481 8015 728 157 52
2532 8015 730 157 52
2551 8015 751 156 53
2551 8015 777 156 53
2531 8015 790 158 53
2478 8015 785 158 53
2401 8015 779 158 53
2323 8015 770 158 53
2251 8015 753 158 53
2189 8015 748 158 53
2158 8015 724 158 53
2147 8015 658 158 53
2147 8008 620 156 53
2160 8008 597 156 53
2185 8000 580 156 53
2221 7994 540 156 53
2259 7994 447 156 53
2298 7994 257 156 53
2298 7994 0 156 53
2398 8022 0 156 53
2433 8042 0 156 53
2456 8075 0 156 53
2477 8108 0 156 53
2491 8138 0 154 53
2499 8164 0 155 52
2499 8184 0 155 52
2493 8201 0 155 52
2487 8207 0 155 52
2487 8207 0 154 52
2487 8207 259 155 52
2487 8207 371 155 52
2487 8207 443 156 51
2487 8207 519 157 52
2456 8195 578 157 52
2438 8151 591 157 52
2416 8090 611 158 52
2389 8030 606 158 52
2374 7970 580 158 52
2369 7927 543 158 52
2385 7895 418 158 52
2410 7882 144 158 52
2410 7882 0 158 52
2503 7937 0 158 52
2545 7994 0 158 52
2576 8049 0 158 52
2596 8099 0 157 52
2596 8099 280 157 52
2596 8099 413 157 52
2570 8087 512 156 53
2533 8044 567 156 53
2507 7986 605 156 53
2507 7934 591 158 53
2518 7899 460 158 53
