1758 8849 202 300 54
1787 8871 254 300 54
1792 8871 349 300 55
1792 8871 389 300 55
1792 8871 442 299 54
1784 8857 485 297 55
1775 8843 520 297 55
1763 8811 575 296 55
1751 8764 591 296 55
1730 8708 628 296 55
1703 8629 646 295 54
1671 8543 665 296 53
1642 8453 666 295 52
1616 8373 673 294 51
1593 8299 696 295 50
1582 8234 749 294 50
1582 8197 777 294 50
1582 8178 788 294 48
1594 8183 785 294 48
1610 8191 763 294 48
1653 8205 760 293 49
1704 8241 761 294 50
1761 8291 763 294 50
1799 8325 754 295 50
1832 8354 730 295 51
1861 8379 728 295 51
1873 8398 716 296 52
1882 8409 705 297 53
1882 8416 708 298 54
1882 8409 722 298 54
1867 8377 733 298 54
1845 8328 722 298 54
1815 8245 728 298 54
1777 8157 722 298 54
1731 8065 725 298 54
1695 7983 745 298 54
1665 7899 774 298 53
1648 7813 779 299 51
1640 7770 791 299 51
1640 7756 774 298 51
1640 7763 730 298 49
1653 7774 606 298 49
1677 7811 286 297 50
1677 7811 0 297 50
1737 7901 0 297 50
1773 7925 0 296 50
1813 7942 0 297 51
1847 7974 0 299 51
1877 8012 0 299 51
1909 8053 0 301 52
1938 8098 0 303 52
1963 8138 0 305 53
1991 8175 0 307 52
2022 8248 0 308 52
2053 8248 0 309 51
2090 8196 0 309 50
2131 8186 0 309 50
2151 8170 0 309 50
2169 8150 0 308 49
2181 8150 0 308 49
2186 8150 0 307 50
2186 8150 0 306 50
2180 8157 0 306 50
2170 8164 0 305 51
2154 8175 0 305 51
2134 8186 0 303 51
2115 8186 0 304 52
2096 8186 0 304 52
2085 8186 0 304 52
2078 8186 0 304 52
2023 8200 0 305 53
2028 8155 0 304 53
2074 8143 0 304 53
2067 8154 0 305 54
2059 8154 0 304 54
2050 8167 0 304 54
2040 8186 0 304 54
2027 8161 0 303 55
2027 8161 203 303 55
2027 8161 264 303 55
2027 8161 396 301 55
2027 8161 474 301 55
2027 8161 485 300 55
2033 8190 537 300 55
2045 8207 570 300 55
2063 8228 588 300 55
2086 8250 641 300 55
2107 8275 653 300 55
2129 8303 670 300 55
2151 8329 673 300 55
2166 8349 664 300 55
2174 8365 671 298 56
2179 8371 658 298 56
2179 8371 653 298 56
2166 8356 656 298 56
2149 8324 655 298 56
2126 8287 645 298 56
2103 8248 620 297 55
2084 8196 610 297 55
2068 8149 614 297 55
2060 8112 622 297 55
2060 8103 645 297 55
2067 8111 647 297 55
2089 8111 647 297 55
2120 8141 640 297 55
2157 8186 653 297 55
2195 8230 661 297 55
2227 8259 661 297 55
2252 8278 662 297 55
2270 8292 664 299 54
2270 8292 670 299 54
2270 8280 675 299 54
2252 8250 667 299 54
2234 8210 673 299 54
2216 8164 669 299 54
2198 8129 669 299 54
2193 8099 679 299 54
2193 8075 691 299 54
2200 8067 710 299 54
2211 8067 713 299 54
2236 8079 711 300 54
2269 8108 710 300 54
2312 8149 705 300 54
2371 8198 693 300 54
2441 8269 669 299 54
2519 8355 672 298 54
2567 8416 679 298 54
2596 8441 691 297 53
2596 8441 685 296 53
2579 8413 685 295 52
2543 8336 685 295 52
2487 8227 679 295 52
2427 8123 670 294 51
2359 8025 673 295 52
2295 7919 673 296 52
2236 7805 714 296 52
2200 7688 746 298 53
2181 7601 773 300 52
2172 7535 783 301 53
2172 7535 796 302 53
2190 7561 787 303 53
2216 7596 790 303 53
2261 7678 790 304 53
2320 7786 785 304 53
2389 7912 788 304 53
2452 7976 788 304 53
2511 8022 787 304 53
2564 8057 755 303 52
2610 8101 727 303 52
2652 8141 727 301 52
2693 8178 719 301 52
2725 8216 719 300 51
2751 8235 717 300 51
2775 8235 719 299 51
2775 8235 724 299 51
2748 8197 714 299 51
2725 8145 707 299 51
2695 8083 696 299 51
2659 8030 684 299 51
2632 7993 662 299 51
2618 7968 655 299 51
2613 7957 668 300 51
2613 7957 673 300 51
2634 7971 667 300 51
2660 8002 667 300 50
2710 8038 667 300 50
2788 8105 653 301 51
2885 8191 619 300 51
2998 8332 616 300 51
3100 8474 613 300 51
3148 8617 619 300 52
3164 8701 624 298 53
3164 8761 611 297 53
3132 8805 605 298 54
3086 8796 599 297 54
3023 8745 599 297 54
2934 8665 595 296 55
2827 8540 603 296 55
2684 8366 620 296 55
2560 8160 693 296 55
2449 7924 727 296 55
2336 7688 760 296 55
2244 7451 797 296 55
2166 7329 800 296 55
2132 7289 814 298 56
2145 7303 814 298 56
2189 7388 806 298 56
2261 7566 751 300 55
2351 7807 691 300 55
2452 8097 666 298 56
2527 8286 675 298 56
2598 8407 682 298 56
2667 8460 670 298 56
2733 8472 650 296 55
2798 8457 647 296 55
2860 8417 662 296 55
2916 8372 665 296 55
2964 8325 655 296 55
2983 8310 588 296 55
2983 8325 389 298 56
2983 8325 0 298 56
2871 8425 0 299 56
2774 8479 0 299 56
2702 8525 0 299 56
2659 8538 0 299 56
2636 8544 0 298 56
2627 8544 0 298 56
2614 8572 0 297 55
2614 8554 0 296 53
2633 8506 0 294 51
2621 8498 0 293 50
2604 8498 0 292 47
2589 8513 0 291 46
2577 8527 0 290 45
2566 8546 0 290 44
2554 8581 0 290 45
2540 8625 0 290 45
2516 8704 0 290 46
2516 8704 242 291 48
2482 8797 591 293 50
2490 8808 530 292 51
2501 8813 537 294 53
2514 8813 330 294 53
2535 8808 1 295 54
