2614 8331 172 180 52
2614 8331 284 180 52
2623 8370 413 180 52
2615 8388 505 180 52
2590 8400 580 181 53
2538 8410 597 181 53
2469 8410 637 181 53
2334 8403 675 181 53
2120 8374 710 180 54
1854 8333 746 180 54
1540 8265 771 180 54
1251 8177 790 177 55
978 8077 783 174 56
814 7988 790 171 57
737 7911 791 166 57
717 7843 793 163 57
754 7774 796 159 57
841 7707 794 155 58
961 7650 796 154 57
1199 7601 783 151 58
1497 7591 794 151 58
1836 7601 803 153 58
2204 7624 806 155 58
2543 7642 797 157 58
2863 7665 785 158 58
3101 7693 788 161 59
3270 7723 776 164 58
3394 7759 777 165 58
3441 7790 776 167 58
3432 7824 761 167 57
3385 7863 746 167 57
3250 7902 734 168 56
3069 7935 731 169 57
2856 7942 731 170 56
2670 7934 749 171 55
2564 7923 748 171 55
2510 7911 746 173 54
2516 7898 757 173 54
2595 7882 783 175 54
2723 7873 800 175 54
2918 7873 845 175 54
3008 7873 935 174 55
3028 7879 947 174 55
2897 7890 974 173 55
2518 7890 996 173 55
1973 7848 1014 171 56
1422 7782 984 170 56
971 7693 894 168 55
587 7601 492 165 56
