1431 7359 418 129 59
1423 7282 541 129 59
1415 7273 652 128 58
1415 7280 762 127 57
1424 7280 845 126 57
1434 7301 896 125 56
1452 7331 943 124 55
1482 7393 983 123 55
1510 7475 982 123 55
1536 7571 987 121 55
1563 7673 988 121 55
1583 7803 994 121 55
1599 7951 983 122 56
1599 8132 977 122 56
1587 8294 979 122 56
1567 8444 976 122 56
1550 8549 986 122 56
1535 8596 992 124 55
1525 8605 983 124 55
1520 8598 979 124 55
1514 8556 967 124 55
1508 8492 964 125 55
1508 8356 965 125 55
1525 8215 967 125 55
1547 8066 964 125 55
1581 7915 955 125 55
1624 7838 955 125 55
1677 7800 949 124 54
1719 7787 947 124 54
1753 7795 958 123 55
1796 7834 958 123 55
1839 7894 959 122 56
1882 7985 962 122 56
1906 8045 962 122 56
1916 8085 959 122 56
1937 8134 947 123 56
1958 8171 935 123 56
1980 8199 917 125 56
2038 8236 896 126 57
2118 8274 873 127 56
2212 8313 861 127 56
2330 8358 857 130 56
2454 8401 858 130 56
2596 8443 854 131 57
2747 8483 854 132 57
2880 8503 869 132 57
3016 8511 864 132 57
3153 8527 858 131 57
3289 8543 858 131 57
3403 8560 861 131 57
3505 8560 861 131 57
3585 8567 884 132 58
3658 8567 903 131 58
3727 8581 894 131 58
3773 8593 912 132 59
3804 8607 950 132 59
3824 8620 1000 134 60
3824 8625 1023 134 60
3824 8625 1023 135 60
3761 8630 1023 136 60
3629 8598 1023 136 60
3427 8541 1023 138 59
3179 8420 1023 139 60
2849 8259 1023 141 59
2467 8072 1023 142 58
2051 7824 1023 142 58
1715 7646 1023 140 58
1515 7516 1023 142 57
1405 7468 1023 140 56
1379 7455 1023 139 56
1379 7466 1023 138 55
1385 7466 864 136 55
1420 7474 230 135 54
