2159 8405 210 136 56
2202 8584 274 136 56
2216 8635 344 138 55
2230 8676 422 139 56
2249 8698 471 139 56
2259 8698 510 139 57
2259 8678 566 139 57
2259 8611 595 140 58
2228 8502 630 140 58
2169 8365 640 142 57
2058 8221 646 142 57
1931 8073 641 142 57
1794 7919 641 141 56
1660 7802 617 141 56
1530 7710 631 140 55
1402 7655 647 140 55
1326 7645 661 138 55
1287 7664 663 136 55
1273 7731 672 134 55
1307 7859 675 134 55
1411 8028 669 133 54
1561 8217 670 133 54
1797 8399 669 134 55
2056 8577 675 135 54
2330 8695 673 136 55
2550 8763 670 139 55
2701 8799 664 140 55
2806 8799 650 141 56
2829 8773 652 143 55
2776 8726 637 144 56
2672 8631 616 144 56
2467 8501 560 144 56
2205 8347 497 144 56
1906 8199 510 144 56
1621 8051 519 143 55
1427 7934 483 143 55
1293 7837 414 141 55
1209 7770 405 141 55
1194 7752 423 140 54
1226 7766 473 137 54
1342 7810 509 137 54
1554 7909 530 136 54
1830 8045 553 136 54
2173 8178 554 139 54
2502 8300 546 139 54
2822 8402 496 141 53
3060 8495 339 142 54
3060 8495 0 144 54
3371 8601 0 145 54
3371 8612 0 145 54
3298 8612 0 145 54
3182 8602 0 145 54
3057 8574 0 145 54
2908 8535 0 143 53
2744 8482 0 143 52
2603 8435 0 143 52
2488 8393 0 143 52
2390 8358 0 143 52
2345 8347 0 143 52
2332 8347 0 145 53
2341 8359 0 145 53
2349 8364 0 145 53
2361 8364 0 146 53
2374 8355 0 145 54
2386 8333 0 145 54
2399 8301 0 145 54
2399 8301 196 143 53
2441 8273 225 143 53
2462 8280 286 143 53
2517 8303 358 143 53
2559 8332 394 145 54
2593 8365 409 145 54
2609 8392 407 145 54
2609 8419 407 145 54
2600 8443 394 145 54
2565 8443 398 145 54
2514 8433 391 145 54
2453 8399 397 145 54
2415 8363 394 145 54
2409 8325 388 145 54
2425 8309 388 145 54
2453 8301 391 145 54
2505 8301 366 145 54
2572 8326 329 145 54
2633 8354 250 145 54
2676 8377 214 145 54
2706 8394 213 145 54
2713 8401 213 145 54
2713 8401 230 143 53
2713 8401 286 143 53
2721 8401 361 142 53
2730 8401 417 142 53
2758 8430 440 142 53
2798 8466 467 141 52
2816 8506 516 142 53
2810 8526 561 142 53
2788 8526 554 142 53
2743 8513 545 142 53
2690 8470 529 142 53
2631 8436 415 143 53
2624 8408 230 143 53
2624 8408 0 143 53
2682 8396 0 143 53
2726 8415 0 143 53
2765 8451 0 142 54
2794 8497 0 144 54
2817 8549 0 144 54
2828 8593 0 144 54
2828 8593 244 143 55
2828 8651 294 143 55
2821 8651 334 143 55
2821 8631 379 143 55
2814 8588 402 143 55
2814 8529 417 143 55
2814 8474 422 141 55
2828 8442 413 141 55
2835 8426 415 140 54
2835 8420 413 140 54
2845 8426 413 141 53
2845 8440 404 140 53
2845 8468 386 140 53
2851 8500 359 140 53
2857 8536 299 141 52
2871 8560 237 141 53
2896 8579 179 141 53
2920 8579 141 141 53
2942 8561 153 142 54
2968 8534 161 142 54
2993 8504 256 144 54
3019 8491 325 144 54
3046 8491 422 144 54
3070 8504 510 144 54
3090 8522 562 144 54
3090 8542 595 142 54
3072 8563 610 142 54
3051 8584 591 142 54
3008 8584 546 142 54
2965 8574 443 141 53
2940 8548 212 141 53
2940 8548 0 141 53
2927 8481 0 142 54
2927 8433 0 142 54
2927 8397 0 142 54
2927 8361 0 142 54
2936 8325 0 142 54
2926 8289 0 142 54
2905 8254 0 143 53
2882 8218 0 143 53
2818 8178 0 142 54
2726 8133 0 141 53
2626 8076 0 141 53
2544 8015 0 139 54
2475 7951 0 137 54
2429 7907 0 137 54
2398 7875 0 137 54
2376 7875 0 137 54
2376 7885 0 137 54
2381 7910 0 137 54
2397 7944 0 139 54
2420 7989 0 139 54
2449 8041 0 139 54
2449 8041 50 137 53
2490 8130 274 139 54
2474 8130 369 139 54
2447 8112 461 139 54
2416 8073 577 139 54
2383 8022 616 139 54
2366 7964 614 140 54
2354 7915 614 140 54
2354 7887 613 140 54
2372 7872 611 141 53
2390 7872 613 141 53
2421 7889 614 141 53
2461 7926 616 141 53
2485 7980 614 141 53
2497 8031 609 141 53
2502 8075 613 141 53
2502 8092 611 140 53
2494 8092 600 140 53
2489 8075 594 140 53
2489 8041 586 140 53
2501 7994 586 140 53
2516 7953 561 140 53
2539 7932 537 141 53
2564 7925 541 141 53
2588 7925 526 141 53
2605 7948 509 141 53
2618 7983 473 141 53
2624 8016 440 141 53
2624 8052 386 141 53
2613 8090 368 141 53
2613 8108 354 141 53
2607 8108 335 141 53
2607 8094 332 141 53
2622 8062 332 141 53
2639 8030 345 141 53
2665 8007 371 141 53
2694 7992 402 141 53
2724 7992 441 141 53
2745 8007 475 141 53
2757 8030 492 141 53
2764 8057 504 141 53
2764 8087 507 140 53
2764 8120 507 140 53
2755 8136 504 140 53
2749 8136 494 140 53
2749 8127 492 140 53
2749 8107 496 140 53
2761 8087 491 140 53
2781 8067 494 140 53
2805 8056 499 140 53
2830 8050 504 140 53
2852 8056 522 140 53
2871 8074 527 140 53
2886 8101 530 140 53
2894 8136 537 140 53
2894 8170 532 140 53
2894 8201 530 140 53
2883 8225 529 140 53
2873 8231 524 140 53
2860 8216 529 140 53
2860 8187 538 140 53
2860 8145 543 140 53
2860 8097 537 140 53
2869 8055 539 140 53
2875 8018 541 140 53
2884 7995 535 140 53
2891 7995 538 139 54
2896 8001 540 139 54
2907 8024 516 139 54
2915 8057 492 139 54
2915 8098 449 139 54
2899 8151 430 139 54
2878 8217 376 139 54
2839 8292 330 139 54
2789 8393 190 140 53
2722 8499 307 140 53
2657 8609 422 139 54
2592 8622 460 139 54
2555 8582 478 139 54
2521 8507 519 139 54
2495 8379 538 139 54
2480 8247 546 139 54
2472 8110 544 139 54
2472 7980 536 139 54
2467 7855 546 139 54
2461 7813 546 139 54
2461 7801 589 139 54
2453 7808 567 139 54
2446 7857 565 139 54
2436 7968 533 139 54
2436 8121 460 137 54
2436 8302 388 137 54
2420 8526 405 137 54
2395 8778 530 137 54
2318 8918 570 137 54
2272 8929 595 137 54
2247 8853 691 139 54
2208 8682 727 139 54
2170 8465 739 139 54
2135 8218 725 139 54
2101 7983 724 139 54
2085 7806 652 137 54
2085 7669 478 137 54
