1784 8308 132 162 58
1784 8308 249 164 58
1752 8308 292 164 58
1731 8308 391 164 58
1708 8308 516 164 58
1688 8308 594 164 57
1674 8308 661 164 57
1666 8308 696 164 57
1666 8308 722 163 57
1666 8308 721 163 57
1676 8308 748 163 57
1691 8317 757 161 57
1749 8327 787 161 57
1836 8349 811 161 57
1981 8382 809 161 57
2147 8422 787 161 57
2327 8460 767 163 57
2465 8496 748 163 57
2558 8510 733 163 57
2621 8510 687 164 57
2621 8510 684 164 57
2621 8510 687 166 57
2590 8462 676 166 57
2535 8422 678 167 57
2484 8397 669 167 57
2473 8385 652 167 57
2487 8385 658 168 56
2558 8385 670 168 56
2678 8392 666 168 56
2830 8411 688 168 56
2995 8429 700 168 56
3146 8446 719 168 56
3287 8464 721 168 56
3406 8481 721 168 56
3491 8497 721 168 56
3554 8490 694 168 56
3571 8481 700 168 56
3555 8466 707 169 57
3518 8424 716 169 57
3391 8364 717 169 57
3181 8290 722 171 57
2916 8210 721 171 57
2604 8123 727 171 57
2265 8033 727 171 57
1909 7928 684 169 57
1568 7813 685 169 58
1291 7710 714 167 57
1057 7657 745 164 58
963 7637 727 162 58
949 7649 653 158 58
989 7691 567 157 58
1107 7754 367 155 58
1107 7754 0 154 57
1362 7883 0 154 57
1464 7946 0 153 58
1546 8011 0 153 58
1615 8078 0 154 58
1680 8118 0 156 59
1728 8155 0 155 60
1766 8173 0 157 60
1776 8180 0 157 60
1767 8170 0 157 60
1745 8158 0 157 60
1725 8146 0 157 60
1706 8135 0 155 60
1706 8135 0 155 60
1706 8135 0 155 60
1731 8135 0 157 60
1755 8158 0 157 60
1787 8207 0 159 59
1820 8243 0 159 59
1856 8284 0 159 59
1898 8328 0 159 59
1943 8378 0 160 58
1943 8378 44 160 58
2025 8478 107 160 58
2055 8503 212 160 58
2055 8508 304 160 58
2041 8501 399 158 58
2011 8471 453 158 58
1937 8401 519 158 58
1822 8305 592 158 58
1679 8179 603 157 58
1489 8016 588 157 58
1303 7829 551 154 58
1142 7687 535 153 58
995 7590 520 150 57
923 7523 455 147 58
907 7508 333 146 57
928 7524 255 143 57
970 7562 107 142 57
970 7562 0 140 56
1110 7667 0 140 56
1160 7721 0 140 56
1200 7762 0 142 57
1233 7790 0 142 57
1272 7810 0 143 57
1301 7810 0 144 58
1323 7810 0 144 58
1330 7801 0 144 58
1330 7801 71 144 58
1330 7801 158 144 58
1330 7801 250 146 57
1355 7795 333 146 57
1382 7808 405 147 58
1434 7840 465 147 58
1502 7884 496 147 58
1606 7935 522 147 58
1714 8004 510 147 58
1827 8076 491 147 58
1942 8149 465 149 58
2056 8230 371 149 58
2174 8324 276 149 58
2255 8426 277 149 58
2312 8516 287 149 58
2312 8539 309 150 58
2267 8518 339 150 58
2195 8482 335 150 58
2079 8416 349 151 58
1942 8329 415 151 58
1791 8205 538 151 58
1641 8080 597 150 58
1545 7955 639 150 58
1485 7874 637 150 58
1485 7819 647 150 58
1517 7803 647 150 58
1577 7818 636 150 58
1695 7855 614 150 58
1843 7937 589 150 58
2011 8038 539 149 58
2192 8153 496 149 58
2331 8243 450 149 58
2442 8329 422 149 58
2520 8410 438 149 58
2577 8467 445 150 58
2621 8507 481 151 58
2621 8507 529 153 58
2608 8501 546 153 58
2576 8473 543 154 58
2504 8432 540 154 58
2396 8358 542 154 58
2263 8264 591 154 58
2124 8157 655 154 58
2048 8087 670 154 58
2013 8041 668 154 58
2031 8012 678 153 58
2096 8004 684 152 59
2193 8035 663 152 59
2321 8091 664 150 58
2461 8162 638 150 58
2609 8240 627 150 58
2743 8324 614 152 59
2846 8404 620 152 59
2928 8447 620 152 59
2960 8466 617 154 58
2960 8466 631 154 58
2928 8431 603 154 58
2845 8370 512 157 58
2687 8283 522 157 58
2478 8165 641 157 58
2304 8080 676 157 58
2224 8016 681 157 58
2207 7990 691 156 59
2232 8002 697 156 59
2320 8040 699 156 59
2449 8109 688 156 59
2597 8176 667 156 59
2752 8246 659 156 59
2911 8320 643 156 59
3021 8375 655 154 58
3071 8400 659 155 58
3082 8405 663 155 58
3050 8386 668 155 58
2959 8340 664 156 57
2829 8277 682 156 57
2707 8216 716 156 57
2656 8193 728 156 57
2651 8193 721 157 57
2700 8216 760 157 57
2799 8260 762 157 57
2930 8319 765 157 57
3075 8377 761 157 57
3211 8430 739 157 57
3341 8479 700 157 57
3440 8526 580 157 57
3514 8569 372 157 57
3514 8569 0 157 57
3578 8621 0 156 57
3520 8621 0 156 57
3418 8630 0 156 57
3275 8630 0 156 57
3136 8614 0 154 56
3000 8581 0 154 56
2919 8535 0 153 56
2863 8503 0 153 55
2823 8485 0 153 55
2801 8476 0 153 55
2790 8484 0 152 54
2790 8504 0 153 55
2790 8533 0 153 55
2790 8581 0 153 55
2806 8629 0 153 56
2834 8676 0 153 56
2865 8698 0 154 56
2865 8698 78 154 57
2865 8698 153 154 57
2784 8630 239 154 57
2679 8536 341 155 58
2548 8425 510 155 58
2411 8310 673 155 58
2278 8191 737 155 58
2207 8122 763 155 58
2177 8087 777 155 58
2197 8080 787 155 58
2278 8104 796 155 58
2400 8148 787 155 58
2573 8228 730 155 58
2750 8315 613 155 58
2929 8406 412 155 58
3040 8467 186 155 58
3040 8467 0 155 58
3027 8493 0 155 58
2918 8476 0 156 57
2767 8452 0 156 57
2588 8431 0 156 57
2377 8414 0 156 57
2202 8378 0 154 57
2050 8339 0 154 57
1975 8317 0 152 57
1936 8306 0 152 57
1920 8301 0 151 56
1944 8294 0 151 56
1944 8294 211 151 56
2004 8283 306 149 56
2004 8283 387 149 56
2010 8274 453 149 56
2021 8265 475 149 56
2021 8256 458 148 57
2026 8245 319 148 57
