1433 7980 144 107 67
1433 7980 212 108 66
1433 7980 240 110 65
1433 7980 294 111 64
1446 8008 344 112 62
1473 8035 398 112 62
1511 8081 413 113 61
1559 8140 418 113 61
1608 8208 430 113 61
1660 8277 435 113 60
1701 8343 440 113 60
1736 8380 441 113 60
1756 8400 468 113 60
1764 8400 472 113 59
1764 8395 489 113 59
1764 8358 514 113 59
1764 8302 512 112 58
1747 8219 512 112 58
1722 8133 520 110 58
1688 8035 519 109 57
1647 7930 492 109 57
1603 7838 489 108 58
1563 7775 491 109 59
1541 7731 483 109 59
1529 7719 465 107 59
1529 7719 447 106 60
1534 7734 435 106 60
1547 7770 430 107 61
1576 7830 427 107 61
1615 7906 430 107 61
1667 7968 428 107 61
1706 8023 430 106 60
1737 8066 433 106 60
1763 8097 433 107 59
1780 8119 438 107 59
1790 8124 446 107 59
1790 8118 445 108 58
1783 8100 458 108 58
1770 8062 464 108 58
1754 8011 480 108 58
1743 7971 477 108 58
1743 7942 467 106 58
1743 7920 464 106 58
1751 7920 465 106 58
1765 7929 464 106 58
1786 7954 464 106 58
1808 7993 464 106 58
1830 8039 471 106 58
1851 8091 461 106 58
1862 8129 456 106 58
1867 8161 448 106 58
1867 8172 450 106 58
1867 8172 443 106 58
1860 8161 448 106 58
1860 8152 420 106 58
1866 8142 422 108 58
1877 8131 418 108 58
1888 8118 417 107 57
1896 8103 422 107 57
1896 8084 423 107 57
1896 8063 423 106 57
1896 8040 422 106 57
1896 8028 404 106 57
1896 8028 381 106 57
1896 8028 361 106 57
1906 8041 341 106 57
1916 8052 333 106 57
1928 8070 337 106 57
1946 8088 337 106 57
1967 8106 337 106 57
1993 8128 335 106 57
2019 8147 335 106 58
2037 8157 337 106 58
2050 8166 335 106 58
2061 8166 334 106 58
2069 8171 327 106 58
2074 8171 324 106 58
2079 8171 329 106 58
2079 8171 343 108 58
2074 8164 364 108 58
2069 8164 361 108 58
2061 8154 362 108 58
2050 8142 361 108 58
2032 8123 373 108 58
2010 8099 364 106 58
1985 8074 367 106 58
1973 8049 389 106 58
1965 8031 397 106 58
1965 8017 407 106 58
1974 8007 404 106 58
1990 8007 402 106 58
2014 8007 387 106 58
2041 8016 359 106 58
2068 8033 304 106 58
2098 8055 225 106 58
2125 8086 103 105 58
2125 8086 0 105 58
2174 8164 0 105 58
2188 8204 0 105 58
2194 8244 0 104 57
2194 8283 0 104 57
2194 8311 0 106 57
2194 8311 96 106 57
2194 8311 170 106 57
2162 8325 249 106 57
2155 8316 260 106 57
2150 8304 265 106 58
2150 8286 226 106 58
2150 8266 89 106 58
2150 8266 0 106 58
2161 8229 0 106 58
2174 8217 0 106 58
2191 8201 0 106 58
2216 8186 0 105 58
2245 8173 0 104 57
2276 8162 0 104 57
2306 8154 0 103 57
2322 8136 0 102 56
2329 8112 0 102 56
2319 8079 0 101 57
2304 8042 0 101 57
2286 8006 0 101 57
2274 7971 0 101 57
2265 7957 0 101 57
2273 7957 0 101 57
2273 7957 155 101 57
2308 8006 237 101 58
2330 8041 335 101 58
2365 8099 391 103 57
2405 8169 423 103 58
2447 8246 446 103 58
2493 8338 453 105 58
2532 8429 465 105 59
2565 8493 483 105 59
2584 8539 514 104 59
2589 8553 554 104 59
2589 8547 577 104 60
2579 8528 591 104 60
2564 8470 597 104 60
2544 8388 610 104 60
2531 8289 610 104 60
2518 8209 592 104 60
2510 8145 570 104 60
2510 8091 495 104 60
2510 8066 386 105 59
2510 8054 212 105 59
2510 8054 0 105 59
2502 8054 0 105 59
2492 8079 0 105 59
2480 8110 0 104 59
2466 8146 0 104 59
2450 8178 0 104 59
2450 8178 51 103 58
2440 8208 93 103 58
2429 8208 100 103 58
2429 8194 141 105 58
2429 8176 141 105 58
2444 8153 117 105 59
2465 8126 99 105 59
2483 8097 101 105 59
2500 8079 96 105 59
2519 8070 148 105 59
2538 8070 173 105 59
2560 8093 249 105 59
2596 8131 270 105 59
2640 8190 281 105 59
2691 8267 282 105 59
2739 8355 279 104 59
2784 8457 281 104 59
2815 8536 279 104 59
2832 8600 282 102 59
2840 8622 302 102 59
2834 8615 302 102 59
2810 8589 306 102 59
2774 8524 297 102 59
2735 8435 304 102 59
2697 8331 304 102 59
2659 8246 307 102 59
2652 8196 305 102 59
2663 8170 304 102 58
2685 8165 317 103 58
2715 8184 310 103 58
2749 8219 315 103 58
2791 8288 315 103 58
2837 8369 314 103 58
2885 8457 309 103 58
2922 8539 307 104 59
2953 8585 304 102 59
2962 8608 314 102 59
2956 8608 324 102 59
2939 8567 324 100 60
2899 8507 329 100 60
2858 8406 335 100 59
2816 8304 354 100 60
2791 8226 366 100 60
2784 8165 336 102 59
2784 8128 310 102 59
2801 8113 284 102 59
2817 8113 259 104 59
2842 8131 226 104 59
2868 8169 173 104 59
2897 8220 108 104 59
2916 8261 65 104 59
2929 8278 32 104 59
2929 8278 32 104 60
2929 8278 56 104 60
2929 8266 78 104 60
2940 8255 100 104 60
2950 8241 130 104 59
2963 8232 148 104 59
2976 8227 177 104 59
2988 8227 196 104 59
2999 8227 215 104 59
2999 8233 214 104 59
2999 8242 218 104 59
2999 8250 233 104 59
2982 8255 241 104 59
2969 8255 265 104 59
2952 8243 269 104 59
2932 8225 277 104 59
2924 8205 273 104 59
2919 8185 285 104 59
2919 8165 280 104 59
2931 8154 279 104 59
2946 8149 279 104 59
2966 8157 285 104 59
2984 8170 273 104 59
3003 8187 292 104 59
3025 8210 301 104 59
3045 8231 304 103 58
3056 8249 341 102 58
3061 8259 374 102 58
3061 8259 407 102 58
3061 8252 415 101 58
3054 8229 423 101 58
3044 8196 418 101 58
3029 8166 397 101 58
3021 8140 368 101 58
3021 8117 299 101 58
3021 8100 213 102 56
3034 8100 130 102 56
3053 8105 1 102 56
3053 8105 0 103 57
3110 8159 0 103 57
3137 8193 0 101 58
3149 8215 0 101 58
3149 8215 91 101 58
3140 8240 215 101 58
3119 8240 270 101 58
3092 8217 317 101 58
3068 8194 344 101 58
3051 8172 344 101 58
3045 8152 325 101 58
3052 8145 304 101 58
3066 8145 309 101 58
3079 8159 314 101 58
3107 8187 309 101 58
3145 8229 319 101 58
3184 8281 329 101 58
3223 8349 325 101 58
3265 8435 320 101 58
3301 8533 317 100 58
3334 8600 317 100 58
3349 8632 343 100 58
3349 8641 396 98 58
3337 8624 425 98 58
3310 8575 444 96 58
3273 8504 448 96 58
3228 8400 468 96 58
3191 8309 483 96 58
3176 8227 470 98 58
3176 8179 431 98 58
3185 8151 377 100 58
3200 8137 314 100 58
3215 8145 285 100 58
3229 8171 213 101 58
3245 8209 125 101 58
3257 8259 5 101 58
3257 8259 0 101 58
3266 8383 0 101 58
3251 8437 0 100 58
3251 8437 88 100 58
3218 8469 134 100 58
3207 8450 186 99 57
3202 8431 215 99 57
3210 8410 244 99 57
3226 8389 251 99 57
3255 8369 247 99 57
3287 8350 246 100 58
3321 8330 233 100 58
3353 8308 228 100 58
3371 8282 218 100 59
3380 8256 207 100 59
3372 8230 207 100 59
3348 8207 208 100 59
3313 8187 220 100 59
3278 8173 218 100 59
3251 8173 233 100 59
3242 8173 233 100 59
3242 8173 214 100 59
3250 8173 222 100 59
3261 8167 206 102 58
3282 8156 222 102 58
3307 8147 212 102 58
3346 8147 219 102 58
3394 8147 223 102 58
3448 8160 223 102 58
3499 8171 223 102 58
3535 8184 221 102 58
3561 8196 214 102 59
3572 8211 211 102 59
3561 8228 217 102 59
3536 8242 191 102 59
3487 8257 182 102 59
3405 8273 158 102 59
3300 8291 120 102 59
3127 8310 160 102 59
2901 8301 216 104 59
2639 8287 223 104 59
2365 8264 223 104 59
2094 8235 240 104 59
1845 8210 270 104 59
1608 8190 287 105 59
1423 8173 384 105 59
1288 8157 412 107 59
1186 8142 445 107 59
1148 8127 440 107 59
1169 8107 461 109 59
1229 8085 491 108 58
1349 8047 526 108 58
1550 8018 561 108 58
1805 7995 584 106 58
2116 7995 585 107 59
2427 8009 595 107 59
2682 8041 580 107 59
2900 8074 551 107 59
3013 8102 535 107 59
3041 8113 535 107 59
3011 8113 494 107 59
2900 8113 465 107 59
2705 8113 430 107 59
2453 8098 413 107 59
2160 8098 354 109 60
1868 8117 369 109 60
1576 8140 447 109 60
1398 8140 474 112 60
1315 8114 469 112 60
1295 8097 485 112 60
1346 8073 527 113 61
1505 8046 574 113 61
1737 8026 606 113 61
2047 8026 616 113 61
2377 8040 611 113 61
2721 8056 602 113 61
2987 8079 586 111 61
3254 8108 544 111 61
3472 8135 485 111 61
3656 8145 418 111 61
3790 8145 369 111 61
3859 8125 273 111 61
3885 8107 172 111 61
