1296 7670 614 143 70
1372 7670 787 139 71
1379 7670 885 135 71
1364 7670 1014 131 71
1364 7664 1023 127 70
1358 7664 1023 122 70
1358 7658 1023 118 70
1358 7658 1023 115 69
1358 7658 1023 114 68
1358 7658 1023 111 69
1358 7658 1023 110 68
1358 7658 1023 110 68
1358 7658 1023 110 68
1358 7658 1023 109 67
1358 7658 1023 107 67
1358 7658 1023 107 67
1358 7658 1023 106 66
1358 7658 1023 106 66
1358 7677 1023 106 66
1385 7703 1023 107 67
1422 7802 1023 107 67
1498 7983 1023 107 67
1585 8220 1023 110 68
1678 8490 1023 110 68
1741 8686 1023 114 68
1777 8833 1023 115 69
1796 8872 1023 118 70
1817 8887 1023 122 70
1829 8887 1023 125 70
1834 8851 1023 127 70
1873 8711 1023 127 70
1896 8501 1023 129 70
1908 8276 1023 129 70
1921 8105 1023 129 70
1933 7970 1023 127 69
1933 7840 1023 125 68
1933 7758 1023 122 68
1917 7709 1023 120 67
1889 7671 1023 118 68
1852 7660 1023 118 68
1802 7667 1023 115 67
1719 7705 1023 115 67
1615 7773 1023 115 67
1482 7861 1023 115 67
1348 7951 1023 115 67
1213 8012 1023 115 67
1074 8055 1023 115 67
1008 8063 1023 115 67
988 8069 1023 116 68
999 8069 1023 116 68
1072 8074 1023 116 68
1185 8106 1023 116 68
1339 8155 1023 116 68
1495 8209 1023 116 68
1652 8261 1023 119 68
1765 8287 1023 119 68
1849 8296 1023 121 69
1897 8282 1023 123 69
1929 8247 1023 123 69
1950 8199 1023 123 69
1950 8125 1023 125 68
1943 8051 1023 125 68
1943 7977 1023 125 68
1943 7916 1023 125 68
1951 7877 1023 125 68
1951 7853 1023 124 67
1951 7853 1023 124 67
1951 7861 1023 124 67
1940 7874 1023 122 67
1923 7938 1023 120 67
1898 8017 1023 120 67
1882 8105 1023 122 68
1872 8167 1023 122 68
1901 8227 1023 122 68
1950 8280 1023 122 68
2011 8304 1023 122 68
2071 8304 1023 122 68
2133 8293 1023 122 68
2171 8273 1023 122 68
2193 8237 1023 125 68
2201 8191 1023 125 68
2182 8147 1023 125 68
2144 8101 1023 125 68
2091 8057 1023 125 68
2053 8035 1023 125 68
2026 8027 1023 122 68
2016 8027 1023 122 68
2016 8032 1023 122 68
2016 8032 1023 119 68
2048 8032 1023 118 68
2093 8040 1023 118 68
2144 8051 1023 118 68
2186 8051 1023 118 68
2223 8039 1023 118 68
2236 8022 1023 118 68
2230 8002 1023 118 68
2210 7960 1023 118 68
2164 7904 1023 118 68
2115 7856 1023 119 68
2064 7826 1023 119 68
2042 7809 1023 122 68
2029 7809 1023 122 68
2023 7815 987 122 68
2008 7830 664 122 68
2008 7830 0 122 68
1980 7873 0 122 68
1971 7901 0 122 68
1971 7929 0 119 68
1998 7957 0 119 68
2040 7984 0 116 68
2099 8011 0 114 68
2148 8038 0 114 68
2190 8061 0 110 68
2222 8083 0 110 68
2246 8102 0 108 68
2265 8115 0 109 67
2265 8115 730 110 68
2265 8115 817 112 67
2265 8115 988 115 67
2298 8057 1023 115 67
2303 7998 1023 118 68
2309 7935 1023 118 68
2322 7889 1023 120 67
2327 7855 1023 120 67
2327 7830 1023 120 67
2327 7824 1023 122 68
2327 7832 979 122 68
2318 7872 955 122 68
2318 7936 964 122 68
2325 8017 979 122 68
2335 8097 1023 122 68
2346 8148 1023 122 68
2362 8179 1023 122 68
2378 8199 1023 122 68
2392 8217 1023 123 69
2415 8230 1023 123 69
2438 8239 1023 123 69
2465 8244 1023 125 70
2491 8244 1023 125 70
2515 8233 1023 127 69
2530 8217 930 127 69
2530 8186 652 127 69
2514 8146 282 127 69
2514 8146 0 127 69
2407 8052 0 127 69
2407 8052 173 123 69
2299 7982 412 123 69
2275 7957 613 122 68
2267 7941 760 119 68
2274 7932 896 119 68
2296 7927 974 118 68
2329 7934 1023 118 68
2388 7950 1023 118 68
2452 7972 1023 119 68
2519 7994 1023 119 68
2552 8003 1023 119 68
2572 8003 1023 121 69
2583 8003 1023 122 70
2583 8003 993 122 70
2567 7998 978 122 70
2538 7972 971 122 70
2498 7933 983 125 70
2461 7903 977 125 70
2427 7882 995 125 70
2420 7866 995 125 70
2420 7866 992 125 70
2426 7866 988 125 70
2450 7866 1006 125 70
2484 7872 1018 125 68
2521 7894 1023 125 68
2560 7925 1023 127 69
2603 7962 1023 127 69
2653 8025 1023 127 69
2706 8087 1023 127 69
2745 8148 1023 127 69
2775 8185 1023 127 69
2781 8206 1023 127 69
2781 8206 1023 127 69
2772 8201 1023 127 69
2772 8170 1023 127 69
2766 8122 1023 129 68
2766 8048 1023 129 68
2776 7985 1023 129 68
2805 7929 1023 129 68
2848 7882 1023 127 69
2903 7867 1023 125 68
2970 7873 1023 125 68
3044 7914 1023 124 67
3090 7972 1023 124 67
3119 8042 1023 124 67
3136 8144 1023 122 67
3114 8249 1023 122 67
3042 8357 1023 124 67
2936 8369 1023 124 67
2740 8303 1023 124 67
2500 8186 1023 125 68
2231 7987 1023 125 68
2001 7788 1023 123 69
1896 7682 1023 123 69
1874 7638 1023 121 69
1893 7617 1023 118 70
1981 7630 1023 117 69
2115 7665 1023 115 69
2300 7743 1023 114 68
2505 7827 1023 112 70
2723 7916 1023 112 70
2884 7950 985 115 69
2993 7950 899 116 70
3068 7925 819 116 70
3108 7884 824 116 70
3133 7856 851 118 70
3148 7836 893 121 69
3170 7831 983 121 69
3196 7831 1011 121 69
3231 7838 1006 122 68
3284 7855 961 122 68
3347 7872 731 122 68
