1440 7939 127 130 66
1440 7939 183 128 65
1440 7939 190 129 64
1440 7939 251 129 64
1474 7968 267 127 63
1513 8033 284 129 63
1565 8123 296 129 63
1641 8240 309 129 61
1720 8379 289 130 62
1781 8533 284 132 61
1828 8694 291 134 61
1834 8797 334 135 62
1810 8861 341 138 61
1767 8869 361 141 61
1723 8837 381 141 61
1681 8779 409 144 61
1639 8666 448 144 61
1618 8501 458 144 61
1612 8301 447 144 61
1629 8107 448 142 61
1670 7952 453 139 61
1727 7822 453 138 60
1778 7758 456 136 61
1793 7735 490 135 60
1785 7740 505 134 61
1738 7773 490 134 61
1631 7838 455 132 60
1484 7924 422 132 60
1313 8022 440 132 60
1144 8055 509 132 60
979 8045 541 131 60
908 8024 522 131 60
899 8007 519 129 59
992 7991 530 128 59
1207 8031 536 128 59
1503 8111 529 128 59
1896 8230 529 128 59
2285 8358 544 129 60
2670 8493 449 129 60
2919 8590 280 132 60
3041 8640 1 134 61
3041 8640 0 136 61
3036 8650 0 136 61
2958 8636 0 138 61
2854 8612 0 139 61
2749 8570 0 139 61
2646 8517 0 139 61
2549 8447 0 139 61
2474 8375 0 139 61
2412 8299 0 141 60
2355 8219 0 141 60
2301 8146 0 139 61
2250 8077 0 139 61
2198 8005 0 136 61
2138 7933 0 135 62
2080 7872 0 134 61
2021 7819 0 132 60
1987 7784 0 132 60
1957 7774 0 132 59
1941 7780 0 132 59
1933 7807 0 132 59
1917 7846 0 134 58
1894 7894 0 135 59
1865 7956 0 135 59
1846 8044 0 135 59
1830 8150 0 135 59
1822 8256 0 136 60
1822 8256 27 136 60
1839 8337 275 136 60
1828 8337 285 138 60
1813 8283 320 138 60
1796 8202 359 141 60
1782 8096 398 141 60
1789 7987 418 141 60
1810 7910 448 141 60
1858 7854 447 141 60
1900 7836 450 141 60
1938 7848 440 141 60
1979 7880 417 138 60
2021 7951 367 138 60
2046 8051 253 138 60
2059 8170 237 138 60
2066 8253 304 138 60
2066 8334 361 139 60
2055 8346 381 139 60
2045 8314 433 139 60
2030 8230 472 141 59
2012 8118 495 141 59
2031 7987 501 141 59
2082 7861 522 139 60
2154 7791 530 139 60
2236 7759 540 141 60
2316 7770 537 139 61
2388 7825 538 139 61
2455 7909 519 141 61
2498 7990 541 141 61
2508 8012 561 141 61
2496 7994 586 143 62
2473 7959 613 143 62
2445 7913 625 143 62
2414 7860 641 143 62
2393 7822 705 143 62
2377 7811 776 143 62
2318 7817 796 143 62
2229 7866 837 143 62
2009 7975 866 143 62
1720 8123 933 143 62
1384 8269 906 143 62
1140 8334 675 141 61
