2782 8162 67 168 60
2849 8169 344 168 60
2859 8184 466 168 60
2869 8204 594 166 59
2878 8226 643 166 59
2878 8249 727 166 59
2884 8269 746 165 59
2869 8305 750 165 59
2827 8352 739 165 59
2768 8413 693 164 58
2642 8483 675 163 59
2462 8559 662 163 59
2247 8593 666 163 59
1976 8572 707 162 60
1702 8514 754 164 60
1426 8401 770 164 60
1190 8268 780 162 61
1008 8123 773 162 61
862 7984 770 159 61
817 7871 770 158 62
842 7775 788 156 62
914 7720 797 153 61
1028 7701 790 150 62
1174 7706 770 148 61
1342 7747 731 148 61
1505 7835 714 150 60
1671 7955 694 150 60
1840 8111 694 151 61
1955 8265 673 154 60
2015 8414 669 156 61
2039 8523 711 157 61
2011 8604 720 160 60
1957 8621 722 162 61
1885 8575 761 163 61
1807 8488 800 164 60
1738 8365 864 164 60
1682 8202 909 163 61
1669 8012 917 163 61
1684 7809 912 163 61
1758 7621 908 163 61
1895 7492 912 163 61
2075 7399 917 162 60
2276 7359 926 162 60
2430 7350 924 162 60
2553 7363 924 161 59
2628 7402 920 163 59
2639 7462 894 164 58
2607 7537 817 164 58
2512 7634 758 164 58
2342 7732 678 164 57
2122 7832 671 164 57
1842 7882 667 164 58
1561 7905 691 164 58
1280 7905 761 164 58
1034 7910 793 162 58
860 7918 834 161 57
734 7930 888 158 58
702 7939 893 157 58
727 7946 924 154 58
790 7946 955 153 59
969 7931 990 151 60
1248 7952 1023 151 60
1593 7998 1023 150 60
2038 8062 1023 150 60
2483 8124 1023 151 61
2872 8165 991 153 61
3224 8191 915 156 61
3477 8185 787 158 60
3656 8153 468 161 60
