2794 8307 458 153 59
2851 8329 456 153 58
2856 8341 458 154 57
2876 8323 491 154 56
2896 8299 516 156 57
2915 8271 574 158 56
2931 8240 609 158 56
2950 8178 614 158 56
2974 8111 628 158 56
2998 8036 636 158 56
3013 7958 641 158 56
3023 7879 639 158 56
3030 7820 639 158 56
3037 7773 638 157 57
3037 7749 639 156 57
3037 7738 637 156 57
3037 7738 645 156 57
3014 7757 611 156 57
2978 7806 628 156 57
2914 7875 620 156 57
2835 7949 630 156 57
2745 8024 616 156 57
2632 8100 610 154 56
2510 8148 639 154 56
2382 8171 637 154 56
2292 8177 637 156 57
2221 8148 640 157 56
2162 8095 665 157 56
2117 8027 694 157 56
2077 7927 700 157 56
2062 7821 710 156 57
2062 7710 711 154 56
2087 7612 716 154 56
2133 7529 717 154 57
2193 7457 719 152 57
2274 7409 724 152 57
2355 7386 721 152 57
2434 7381 722 151 56
2511 7407 717 151 56
2579 7457 697 151 56
2638 7523 691 151 56
2692 7597 684 151 56
2717 7692 671 151 56
2732 7802 631 149 56
2740 7949 585 149 56
2745 8101 595 149 56
2745 8256 642 148 56
2740 8299 652 148 56
2740 8346 666 148 56
2750 8396 691 149 55
2765 8396 696 147 55
2784 8381 721 147 55
2805 8348 740 148 54
2838 8262 753 148 54
2875 8149 763 148 54
2919 8019 771 150 54
2967 7860 780 150 54
3021 7739 782 150 54
3092 7644 777 149 55
3171 7574 771 150 55
3224 7532 777 150 55
3249 7508 783 149 56
3256 7518 780 149 56
3256 7570 760 149 56
3256 7651 754 149 56
3250 7766 700 149 56
3231 7918 679 151 56
3211 8094 685 151 56
3194 8256 714 151 56
3183 8337 731 151 56
3183 8365 730 152 56
3195 8365 749 152 56
3234 8344 756 152 56
3291 8304 777 153 56
3369 8246 780 154 55
3449 8177 779 154 55
3533 8100 777 154 55
3594 8037 759 154 55
3640 8000 754 155 55
3640 7981 755 155 55
3599 7981 727 155 55
3530 7999 727 155 55
3399 8027 713 154 56
3209 8056 699 154 56
2980 8050 724 154 56
2737 8021 787 153 56
2508 7972 805 153 56
2365 7890 818 152 56
2274 7787 851 151 56
2247 7699 870 149 56
2261 7626 900 149 56
2303 7564 930 149 56
2403 7497 938 147 56
2554 7455 932 147 56
2738 7430 891 147 56
2909 7413 762 147 56
3083 7413 250 145 56
