1501 7396 44 126 57
1501 7320 322 127 57
1501 7341 343 127 59
1495 7349 361 127 59
1505 7397 425 126 58
1532 7471 475 123 58
1569 7588 491 122 57
1635 7744 488 121 56
1709 7925 486 120 55
1787 8102 491 120 55
1840 8235 485 119 54
1872 8340 495 120 54
1890 8397 507 120 54
1890 8410 515 122 54
1890 8393 519 122 54
1875 8344 515 123 55
1865 8250 518 124 54
1859 8125 515 124 54
1859 7970 512 124 54
1875 7815 491 123 55
1898 7704 486 123 55
1923 7623 475 123 55
1948 7592 455 121 55
1970 7587 431 120 55
1989 7599 402 120 55
1989 7622 399 118 56
1974 7642 387 118 56
1942 7655 371 118 56
1883 7662 333 118 56
1795 7640 336 118 56
1688 7600 338 118 56
1556 7535 372 117 55
1429 7468 438 119 54
1313 7420 532 119 54
1225 7386 603 120 54
1154 7379 707 119 53
1115 7387 748 121 53
1115 7404 736 120 52
1136 7437 739 120 52
1203 7489 748 121 52
1324 7553 749 119 51
1481 7648 763 119 51
1708 7761 763 120 52
1941 7885 736 120 52
2188 8036 667 120 52
2442 8158 614 121 53
2656 8260 361 122 54
2656 8260 0 123 53
2903 8368 0 124 54
2923 8386 0 125 54
2892 8373 0 126 54
2828 8360 0 126 54
2756 8347 0 128 54
2666 8306 0 128 54
2565 8261 0 127 55
2483 8210 0 127 55
2422 8167 0 127 55
2374 8130 0 125 55
2338 8084 0 125 55
2317 8036 0 124 55
2306 7985 0 121 55
2293 7919 0 121 55
2279 7845 0 120 54
2254 7764 0 120 54
2223 7681 0 119 53
2187 7615 0 119 53
2155 7562 0 119 53
2130 7557 0 120 52
2116 7590 0 120 52
2109 7648 0 121 52
2096 7723 0 121 52
2085 7815 0 121 52
2075 7919 0 120 52
2080 8042 0 120 52
2096 8154 0 121 53
2096 8154 172 121 53
2120 8365 180 121 53
2134 8469 256 122 54
2159 8545 315 123 53
2181 8603 336 124 54
2189 8610 343 124 54
2189 8577 373 125 55
2194 8518 398 125 55
2194 8397 447 125 55
2187 8238 467 125 55
2174 8053 507 125 55
2150 7854 544 125 55
2112 7701 551 124 55
2065 7580 560 124 55
2027 7496 589 123 55
2011 7469 600 121 55
2011 7481 586 121 55
2025 7542 564 120 54
2064 7618 551 119 54
2119 7705 512 119 54
2172 7750 486 119 54
2203 7762 473 119 54
2219 7751 467 121 55
2225 7725 480 121 55
2215 7684 486 121 55
2195 7632 488 121 55
2166 7586 477 121 55
2134 7565 399 120 55
2099 7565 312 120 55
2086 7595 249 120 55
2093 7641 193 120 55
2113 7696 180 120 55
2137 7724 171 120 55
2160 7729 176 119 54
2176 7720 181 119 54
2188 7688 186 120 55
2188 7654 200 120 55
2196 7616 206 120 55
2202 7616 214 120 55
2209 7630 212 120 55
2236 7684 195 120 55
2277 7756 96 120 55
2277 7756 0 120 55
2365 7879 0 121 55
2373 7871 0 121 55
2373 7871 108 121 55
2342 7777 202 123 55
2322 7723 291 123 55
2302 7671 314 123 55
2294 7665 297 121 55
2307 7688 173 121 55
2307 7688 0 121 55
2384 7926 0 121 55
2425 8103 0 121 55
2459 8256 0 121 55
2464 8386 0 123 55
2464 8501 0 123 55
2464 8501 200 124 55
2452 8572 309 125 55
2441 8540 346 125 55
2426 8440 397 125 55
2407 8278 499 126 54
2381 8076 556 126 54
2349 7824 548 125 55
2323 7645 536 125 55
2315 7514 467 125 55
2315 7478 336 124 55
2315 7478 0 123 55
2370 7587 0 123 55
2401 7719 0 121 55
2427 7882 0 121 55
2450 8065 0 121 55
2498 8244 0 121 55
2572 8388 0 123 55
2663 8510 0 123 55
2731 8571 0 124 54
2773 8566 0 125 55
2773 8566 98 125 55
2798 8467 171 126 54
2786 8390 312 127 55
2767 8281 469 127 55
2725 8161 553 129 55
2669 8013 642 127 55
2604 7880 667 126 54
2512 7758 671 126 54
2400 7649 671 125 55
2275 7580 676 125 55
2149 7537 673 123 55
2059 7574 658 123 55
1993 7666 653 121 55
1993 7794 649 120 54
2047 7903 630 120 54
2147 8012 591 121 55
2268 8083 533 123 55
2393 8130 464 124 54
2520 8130 420 126 54
2608 8090 425 126 54
2647 8017 443 126 54
2653 7930 589 128 54
2591 7841 713 126 54
2479 7749 767 126 54
2333 7657 774 125 55
2125 7581 776 125 55
1911 7515 783 123 55
1693 7493 809 123 55
1562 7507 832 123 55
1504 7545 824 121 55
1495 7564 811 121 55
1532 7588 790 121 55
1667 7616 793 121 55
1867 7681 788 120 54
2146 7782 780 121 55
2454 7908 767 123 55
2780 8056 730 123 55
3064 8201 543 125 55
