1903 8220 314 119 68
1967 8367 556 123 69
1976 8404 687 129 68
1976 8422 751 131 68
1981 8422 857 135 68
1991 8354 973 135 68
2006 8249 1023 137 69
2023 8030 1023 139 68
2076 7771 1023 139 68
2150 7485 1023 137 69
2237 7264 1023 137 69
2277 7097 1023 137 69
2310 6967 1023 135 69
2337 6872 1023 133 70
2344 6834 1023 131 71
2339 6834 1023 127 70
2327 6876 1023 124 71
2249 6977 1014 124 71
2117 7118 938 124 71
1949 7274 930 124 71
1754 7407 908 126 72
1541 7525 948 128 71
1315 7561 958 131 71
1148 7592 968 133 70
1014 7601 987 135 69
901 7601 1023 133 69
884 7601 1023 135 68
942 7606 1023 135 68
1051 7631 1023 135 68
1267 7671 1023 135 68
1568 7719 1023 137 69
1926 7779 1023 137 69
2355 7847 1023 139 69
2785 7911 1023 139 69
3216 7969 1023 141 70
3584 8018 1023 141 70
3869 8052 1023 143 70
4099 8077 1023 143 70
4249 8097 1023 143 69
4340 8118 1023 143 69
4391 8138 988 141 68
4396 8156 866 139 68
4372 8161 512 139 68
4372 8161 0 137 67
4232 8151 0 137 67
4090 8126 0 135 67
3918 8096 0 135 67
3733 8065 0 133 67
3554 8039 0 133 67
3383 8027 0 131 68
3212 8027 0 129 68
3041 8027 0 127 69
2900 8034 0 125 70
2780 8034 0 118 70
2667 8034 0 115 69
2577 8034 0 115 69
2502 8026 0 115 69
2436 8015 0 115 69
2375 8003 0 116 70
2321 7993 0 113 71
2288 7982 0 113 71
2269 7969 0 115 71
2262 7964 0 112 72
2256 7964 0 112 72
2236 7969 0 112 72
2206 7982 0 111 71
2165 8000 0 111 71
2130 8019 0 111 71
2130 8019 566 113 71
2051 8041 746 116 70
2039 8041 851 118 70
2050 8032 967 121 69
2105 8023 1021 125 70
2205 8023 1023 127 69
2334 8034 1023 131 69
2456 8048 1023 131 69
2578 8063 944 133 69
2687 8084 785 135 69
2788 8109 423 135 69
2788 8109 0 137 69
2846 8211 0 137 69
2827 8293 0 137 69
2785 8381 0 139 68
2743 8469 0 139 68
2743 8469 532 137 67
2682 8512 751 139 67
2669 8522 896 139 67
2661 8431 1023 139 67
2655 8274 1023 140 67
2674 8034 1023 139 68
2710 7772 1023 139 68
2762 7495 1023 139 68
2823 7303 1023 135 68
2891 7171 1023 135 68
2926 7080 1023 135 68
2933 7035 839 131 68
2922 7035 148 128 68
2922 7035 0 128 68
2819 7151 0 126 67
2727 7230 0 126 67
2635 7312 0 128 68
2576 7370 0 128 68
2538 7414 0 129 68
2497 7448 0 133 69
2457 7477 0 135 68
2420 7508 0 137 69
2375 7539 0 139 68
2324 7579 0 139 68
2277 7627 0 139 68
2234 7668 0 140 67
2199 7706 0 139 67
2170 7737 0 139 67
2170 7737 564 139 67
2158 7778 707 135 67
2146 7778 852 135 67
2151 7767 986 135 67
2167 7732 1023 135 68
2186 7669 1023 135 68
2226 7587 1023 133 69
2280 7517 1023 133 69
2340 7467 1023 133 69
2389 7430 1023 133 69
2431 7405 1023 133 69
2448 7405 1023 135 69
2476 7433 1023 135 69
2511 7479 1023 135 69
2557 7547 1023 135 69
2603 7629 1023 135 69
2645 7690 1023 135 69
2669 7737 1023 135 69
2684 7775 1023 135 69
2722 7815 1023 135 69
2742 7840 826 133 69
2749 7855 307 133 69
2749 7855 0 131 68
2795 7892 0 131 68
2805 7906 0 131 67
2805 7921 0 131 67
2820 7954 0 131 67
2832 7997 0 130 66
2846 8036 0 128 66
2861 8068 0 128 66
2881 8094 0 126 67
2881 8094 543 128 68
2928 8142 705 128 68
2933 8142 896 128 68
2927 8131 986 129 68
2927 8118 1017 131 68
2935 8101 1006 133 69
2944 8078 949 133 69
2953 8052 763 135 68
2962 8029 51 135 68
2962 8029 0 135 68
2967 8046 0 135 68
2955 8089 0 133 69
2948 8153 0 133 69
2948 8231 0 133 69
2960 8327 0 131 68
2960 8327 101 131 68
2982 8479 697 133 67
2967 8508 822 131 67
2936 8508 909 131 67
2936 8508 896 131 67
2936 8508 863 133 67
2936 8508 708 135 67
2968 8466 216 135 67
2968 8466 0 135 67
3054 8449 0 135 67
3093 8474 0 135 67
3119 8510 0 135 67
3138 8556 0 135 67
3150 8599 0 133 66
3150 8599 638 133 66
3150 8599 733 133 66
3125 8600 855 133 66
3109 8535 982 133 66
3101 8440 1023 133 66
3089 8321 1023 133 66
3103 8224 1023 133 66
3134 8143 1023 133 67
3165 8073 944 133 67
3202 8035 628 133 67
3202 8035 0 133 67
3283 8054 0 133 67
3314 8100 0 133 67
3344 8153 0 131 68
3373 8203 0 131 68
3398 8249 0 131 68
3404 8272 0 131 68
3404 8272 727 133 67
3366 8291 905 133 67
3327 8291 1023 137 67
3283 8274 1023 137 67
3235 8255 1023 137 67
3222 8239 1023 139 67
3231 8225 1023 139 67
3256 8207 1023 139 67
3284 8186 1023 137 67
3326 8179 1023 137 67
3376 8179 1023 137 67
3405 8188 1023 137 67
3419 8193 1023 137 67
3419 8198 1023 137 67
3419 8198 1023 137 67
3413 8198 1023 137 67
3413 8198 1023 137 67
3413 8198 947 137 67
3413 8192 897 139 68
3420 8172 733 139 68
3431 8145 291 139 68
3431 8145 0 139 68
3468 8127 0 139 68
3490 8138 0 137 67
3510 8167 0 137 67
3551 8199 0 137 67
3576 8233 0 137 67
3591 8247 0 137 67
3591 8247 727 139 68
3624 8247 805 139 68
3629 8235 974 139 68
3629 8225 1023 139 68
3629 8212 1023 139 68
3629 8206 1023 139 68
3629 8206 1023 139 68
3629 8211 1023 141 68
3624 8229 1023 142 68
3615 8255 1023 142 68
3615 8281 1023 142 68
3615 8302 1023 142 68
3632 8317 1023 142 68
3663 8329 1023 142 68
3686 8316 1023 142 68
3710 8302 1023 142 68
3734 8281 1023 142 68
3753 8259 956 142 68
3758 8238 730 140 67
3758 8230 190 140 67
3758 8230 0 140 67
3716 8247 0 139 67
3685 8278 0 139 67
3680 8317 0 139 67
3680 8355 0 140 67
3690 8395 0 140 67
3690 8395 343 140 67
3728 8466 464 140 67
3728 8479 536 140 67
3722 8479 565 140 67
3728 8479 556 140 67
3736 8469 486 137 67
3748 8457 369 135 67
3764 8437 235 133 66
3783 8412 180 133 66
3803 8382 208 133 66
3820 8348 387 135 65
3835 8313 586 137 66
3848 8278 802 137 66
3864 8239 934 137 66
3886 8214 1017 135 67
3910 8200 1023 135 67
3931 8194 1023 135 67
3953 8203 1023 135 67
3970 8222 1023 135 67
3980 8253 1023 135 67
3985 8293 1023 135 67
3961 8338 1023 135 67
3922 8352 1023 137 67
3873 8360 1023 137 67
3843 8337 1023 137 67
3817 8296 981 137 67
3817 8249 716 139 67
3817 8249 0 139 67
3861 8162 0 139 67
3916 8143 0 137 67
3981 8135 0 137 67
4067 8135 0 135 67
4140 8135 0 133 67
4204 8124 0 131 67
4217 8099 0 131 67
4191 8053 0 128 66
4140 8006 0 128 66
4071 7938 0 126 66
3977 7856 0 127 64
3867 7778 0 127 63
3768 7701 0 129 61
3672 7640 0 131 61
3580 7590 0 132 60
3515 7556 0 136 60
3468 7537 0 138 59
3430 7527 0 141 59
3393 7527 0 142 59
3358 7520 0 142 61
3330 7520 0 144 61
3313 7520 0 144 61
3304 7520 0 143 62
3304 7520 0 141 61
3309 7505 0 141 61
3267 7523 0 138 61
3242 7564 0 138 61
3242 7564 130 136 61
3195 7580 808 135 62
3149 7570 964 135 62
3095 7529 1023 133 62
3058 7466 1023 133 62
3026 7389 1023 132 63
3032 7337 1023 133 63
3061 7297 1023 132 64
3105 7265 1023 132 64
3149 7259 1023 132 64
3186 7276 1023 132 64
3218 7309 1023 132 64
3241 7368 1023 132 64
3241 7430 1023 133 65
3234 7495 1023 133 65
3224 7548 1023 133 65
3213 7565 1023 133 65
3204 7559 1023 135 65
3195 7533 1023 135 65
3195 7503 1023 135 65
3217 7459 1023 135 65
3247 7409 1023 135 65
3290 7391 956 133 65
3334 7398 855 133 65
3376 7422 770 135 64
3405 7468 722 135 64
3426 7520 736 133 65
3433 7576 790 133 65
3433 7606 884 133 65
3418 7617 956 133 65
3410 7617 1008 135 65
3405 7600 1023 135 65
3405 7569 1023 135 65
3415 7527 1023 135 65
3435 7493 1023 135 65
3463 7470 977 135 65
3491 7455 869 135 65
3520 7472 742 135 65
3547 7507 616 135 65
3572 7553 567 135 65
3594 7593 595 137 65
3605 7611 694 135 65
3605 7611 797 135 65
3605 7611 860 137 66
3605 7604 884 137 66
3605 7598 878 137 66
3605 7592 823 137 66
3618 7592 592 137 66
3629 7592 15 137 66
3629 7592 0 137 66
3639 7642 0 137 66
3623 7681 0 137 66
3623 7729 0 137 66
3642 7759 0 137 66
3642 7759 643 137 66
3684 7781 737 137 66
3684 7781 872 137 66
3676 7770 961 137 66
3682 7751 1012 137 66
3689 7711 1023 139 67
3696 7659 1023 137 67
3717 7618 977 137 67
3746 7595 879 135 67
3774 7583 703 135 67
3800 7583 212 133 66
3800 7583 0 133 66
3811 7607 0 135 65
3801 7613 0 133 65
3782 7620 0 133 65
3758 7627 0 133 65
3728 7632 0 133 65
3691 7632 0 133 65
3649 7640 0 135 64
3649 7640 247 135 64
3587 7651 438 137 65
3587 7664 564 135 65
3601 7674 675 135 65
3634 7686 768 135 65
3679 7700 790 137 66
3748 7711 794 137 66
3800 7725 787 137 66
3840 7720 728 137 66
3876 7701 694 135 65
3910 7690 664 135 65
3942 7690 669 135 65
3966 7690 728 135 65
3975 7695 842 135 65
3975 7695 977 133 65
3969 7703 1023 132 65
3962 7703 1023 132 65
3954 7709 1023 132 65
3949 7720 1023 132 65
3954 7736 1023 132 65
3966 7743 1023 132 65
3978 7750 1023 132 65
3999 7769 1023 132 65
4026 7795 1023 132 65
4026 7809 1023 132 65
4010 7815 1023 132 65
3992 7815 1023 133 65
3938 7800 1023 133 65
3904 7766 1023 133 65
3883 7719 1023 133 65
3872 7676 1023 133 65
3884 7636 1023 133 65
3912 7617 1023 133 65
3972 7611 1023 133 65
4025 7621 1023 132 64
4073 7646 1017 130 65
4095 7682 985 130 65
4095 7713 947 130 65
4095 7745 860 129 64
4064 7779 675 130 65
4059 7821 486 130 65
4068 7869 398 130 65
4079 7875 376 132 64
4088 7863 472 132 64
4097 7840 634 132 64
4106 7798 767 133 63
4116 7757 872 133 63
4132 7718 899 133 63
4144 7693 921 133 63
4152 7677 924 132 64
4159 7667 891 132 64
4159 7667 690 132 64
4165 7676 91 132 64
4165 7676 0 132 64
4165 7724 0 132 64
4165 7753 0 132 64
4183 7784 0 132 64
4212 7803 0 130 63
4236 7810 0 132 63
4249 7810 0 132 63
4249 7810 655 132 63
4249 7810 836 133 62
4249 7810 950 133 62
4207 7804 1023 133 63
4187 7791 1023 133 63
4168 7759 1023 133 63
4168 7713 1023 132 64
4168 7643 1023 132 64
4184 7587 1023 132 64
4204 7541 1023 132 64
4229 7503 1023 132 64
4223 7483 1023 132 64
4201 7476 1023 132 64
4169 7458 1023 132 64
4124 7444 1023 132 64
4088 7444 1023 132 64
4075 7444 758 133 65
4075 7459 50 135 64
4075 7459 0 135 64
4075 7513 0 135 64
4047 7542 0 135 64
4002 7589 0 135 64
3935 7649 0 135 64
3848 7732 0 133 63
3747 7846 0 135 63
3628 7981 0 135 63
3536 8144 0 135 63
3487 8312 0 135 63
3487 8312 285 137 63
3444 8598 787 137 63
3427 8648 830 138 64
3406 8655 926 137 65
3406 8635 1023 138 65
3419 8498 1023 138 65
3439 8283 1023 138 65
3485 7977 1023 138 65
3561 7705 1023 140 66
3656 7456 1023 140 66
3743 7308 1023 140 66
3784 7227 1023 137 66
3795 7190 1023 137 66
3795 7204 1023 135 65
3786 7305 1023 135 65
3772 7465 1023 132 65
3767 7740 1023 130 65
3774 8063 1023 130 65
3789 8419 1023 130 65
3778 8633 1023 132 64
3768 8733 1023 133 65
3759 8758 1023 133 65
3759 8751 1023 135 65
3764 8696 1023 135 65
3798 8609 1023 137 66
3850 8517 1023 137 66
3917 8466 1023 138 65
3969 8443 1023 138 65
4011 8460 1023 138 65
4038 8519 1023 138 65
4049 8607 1023 137 65
4049 8654 1023 137 65
4032 8672 1023 137 65
4032 8672 1023 137 65
4032 8661 1023 137 65
4052 8642 982 137 65
4099 8616 464 137 65
