1432 7713 148 116 68
1417 7653 327 114 68
1403 7640 414 114 68
1403 7640 490 110 68
1403 7640 518 110 68
1403 7659 530 107 67
1420 7686 522 107 67
1444 7754 518 106 66
1465 7840 488 106 66
1484 7938 493 106 66
1493 8041 473 106 66
1493 8120 469 108 66
1488 8182 469 108 66
1481 8208 473 110 66
1475 8208 474 110 66
1470 8201 474 110 66
1462 8166 470 113 65
1453 8100 481 113 65
1445 8013 496 113 65
1445 7920 496 113 65
1452 7836 489 110 66
1469 7787 480 110 66
1490 7757 473 110 66
1515 7757 440 108 66
1546 7795 423 108 66
1570 7853 410 108 66
1589 7935 417 108 66
1595 8014 428 108 66
1595 8091 444 108 66
1581 8159 452 110 66
1566 8196 469 110 66
1555 8213 471 110 66
1555 8213 468 113 65
1555 8184 474 113 65
1565 8142 470 113 65
1565 8065 488 113 65
1565 7988 494 113 65
1565 7912 491 113 65
1573 7868 438 113 65
1583 7844 307 113 65
1593 7844 115 113 65
1593 7844 0 113 65
1623 7925 0 110 66
1631 7994 0 110 65
1631 8071 0 110 65
1640 8153 0 110 65
1645 8232 0 110 65
1645 8306 0 111 64
1645 8306 158 111 64
1652 8375 250 111 64
1652 8375 342 111 64
1652 8365 414 114 64
1659 8344 464 114 64
1664 8295 494 116 64
1669 8241 519 116 64
1664 8184 518 117 63
1655 8131 524 117 63
1655 8097 526 117 63
1649 8074 516 116 64
1649 8074 507 116 64
1654 8090 473 116 64
1660 8123 469 116 64
1666 8179 467 116 64
1666 8238 473 116 64
1666 8298 493 116 64
1666 8345 514 116 64
1656 8364 515 116 64
1656 8364 519 116 64
1661 8348 521 116 64
1677 8326 535 116 64
1694 8284 537 117 63
1711 8231 540 119 64
1735 8182 532 119 64
1757 8147 529 119 64
1773 8122 521 120 65
1785 8106 521 120 65
1785 8106 537 121 66
1778 8106 557 119 66
1761 8115 594 119 66
1729 8120 611 119 66
1699 8125 585 119 66
1670 8131 490 118 65
1656 8131 167 118 65
1656 8131 0 117 65
1683 8117 0 117 65
1702 8107 0 117 65
1723 8096 0 116 64
1749 8084 0 114 64
1778 8073 0 114 64
1795 8068 0 113 63
1805 8054 0 111 64
1805 8035 0 111 64
1795 8016 0 109 64
1782 8004 0 109 64
1771 7996 0 110 65
1771 7996 185 110 65
1771 7996 252 110 65
1771 7996 334 110 66
1771 7996 415 110 66
1771 7996 471 114 66
1771 7996 507 114 66
1771 7996 539 115 67
1779 7957 556 117 67
1779 7930 577 117 67
1779 7900 586 117 67
1785 7883 595 117 67
1785 7874 589 117 67
1785 7874 594 117 67
1785 7886 592 119 66
1785 7906 591 119 66
1772 7934 583 119 66
1758 7967 584 119 66
1748 8003 581 119 66
1748 8033 572 119 66
1763 8059 559 119 66
1787 8083 542 118 65
1815 8083 541 118 65
1845 8078 533 118 65
1869 8059 535 118 65
1886 8031 546 118 65
1897 7995 561 118 65
1887 7957 592 118 65
1872 7925 620 118 65
1854 7896 647 118 65
1844 7881 647 119 66
1830 7871 644 119 66
1814 7865 617 119 66
1807 7874 541 119 66
1801 7889 391 120 67
1796 7907 129 120 67
1796 7907 0 120 67
1833 7966 0 120 67
1864 7993 0 118 68
1891 8020 0 117 67
1919 8047 0 117 67
1948 8076 0 117 67
1948 8076 160 116 66
1945 8125 324 116 66
1930 8138 483 116 66
1930 8138 592 115 65
1922 8138 625 118 65
1922 8120 638 118 65
1922 8091 649 118 65
1922 8053 646 118 65
1937 8020 644 118 65
1953 7994 639 118 65
1969 7972 617 118 65
1985 7966 591 115 65
2004 7971 538 115 65
2026 7984 438 115 65
2045 8007 274 115 65
2054 8031 61 115 65
2054 8031 0 115 65
2054 8075 0 115 65
2039 8089 0 115 65
2021 8096 0 115 65
2021 8096 110 115 65
1964 8096 193 115 65
1937 8076 345 115 65
1925 8065 372 117 65
1925 8065 389 117 65
1933 8065 405 117 65
1946 8071 430 117 65
1967 8089 447 117 65
1992 8114 453 117 65
2012 8138 440 119 64
2021 8161 420 119 64
2021 8179 400 119 64
2021 8193 348 119 64
2021 8200 282 119 64
2021 8210 233 119 64
2028 8224 219 119 64
2043 8233 244 119 64
2057 8239 314 119 64
2070 8239 418 119 64
2078 8239 515 119 64
2078 8228 594 119 64
2084 8214 645 119 64
2084 8191 652 119 64
2084 8162 646 119 64
2075 8120 636 119 64
2075 8093 616 119 64
2081 8076 570 119 64
2089 8071 535 119 64
2099 8071 509 119 64
2111 8071 496 119 64
2129 8096 470 118 65
2158 8121 405 118 65
2194 8148 122 118 65
2194 8148 0 118 65
2267 8202 0 118 65
2304 8225 0 120 65
2341 8246 0 120 65
2371 8266 0 120 65
2396 8280 0 120 65
2404 8289 0 120 65
2404 8295 0 119 64
2393 8295 0 119 64
2381 8304 0 120 65
2369 8311 0 122 65
2357 8322 0 122 65
2348 8335 0 122 65
2339 8340 0 122 65
2330 8340 0 122 65
2330 8340 65 122 65
2330 8340 96 120 64
2313 8300 165 120 64
2313 8272 242 120 64
2313 8239 284 120 64
2313 8204 330 120 64
2313 8171 379 122 65
2322 8152 428 122 65
2322 8143 488 122 65
2322 8143 559 122 65
2322 8154 600 121 66
2322 8168 628 121 66
2329 8199 637 121 66
2329 8240 650 121 66
2337 8289 653 120 65
2343 8348 649 121 66
2343 8415 647 121 66
2343 8488 634 121 66
2343 8545 633 121 66
2343 8584 619 121 66
2343 8611 625 119 66
2337 8611 625 119 66
2337 8611 620 119 66
2330 8611 616 119 66
2330 8601 619 119 66
2322 8589 611 119 66
2322 8562 603 119 66
2314 8530 600 119 66
2314 8479 600 119 66
2314 8417 599 121 66
2326 8367 592 121 66
2341 8336 592 120 65
2356 8317 583 120 65
2366 8317 583 120 65
2383 8326 578 122 65
2404 8347 567 122 65
2426 8386 554 123 65
2444 8437 536 121 66
2463 8497 536 121 66
2469 8551 543 121 66
2469 8602 554 121 66
2457 8636 561 121 66
2449 8659 578 121 66
2442 8659 578 121 66
2442 8653 578 121 66
2442 8620 581 121 66
2442 8570 586 121 66
2442 8482 586 121 66
2442 8391 594 121 66
2447 8320 591 121 66
2458 8262 580 121 66
2474 8237 564 121 66
2488 8228 520 123 65
2500 8228 397 123 65
2513 8254 165 123 65
2513 8254 0 124 66
2542 8334 0 122 67
2552 8378 0 122 67
2559 8431 0 122 67
2570 8491 0 122 67
2581 8529 0 122 67
2581 8529 98 122 67
2581 8529 330 126 67
2581 8529 442 126 67
2556 8493 536 126 67
2549 8458 609 126 67
2540 8409 645 126 67
2531 8358 656 126 67
2531 8309 664 126 67
2531 8277 662 126 67
2531 8255 650 126 67
2540 8255 646 124 66
2545 8255 641 124 66
2550 8274 628 124 66
2558 8314 620 124 66
2563 8364 583 124 66
2563 8420 567 124 66
2563 8483 561 124 66
2563 8540 567 124 66
2563 8564 584 124 66
2563 8564 594 124 66
2569 8553 609 124 66
2577 8514 613 126 67
2592 8459 641 126 67
2609 8411 645 126 67
2628 8370 647 126 67
2648 8335 642 126 67
2659 8322 633 126 67
2664 8309 633 126 67
2664 8309 638 124 66
2664 8309 638 124 66
2649 8309 640 123 65
2632 8314 643 123 65
2614 8320 638 123 65
2595 8320 636 123 65
2578 8320 591 123 65
2567 8326 494 124 66
2567 8326 232 124 66
2567 8326 0 124 66
2567 8339 0 124 66
2581 8351 0 124 66
2592 8378 0 124 66
2610 8405 0 124 66
2628 8432 0 124 66
2646 8462 0 126 67
2646 8462 181 126 67
2653 8529 291 126 67
2653 8553 417 128 68
2653 8573 505 128 68
2653 8583 541 128 68
2659 8583 546 128 68
2665 8577 540 128 68
2674 8546 542 128 68
2686 8499 542 126 67
2686 8438 540 124 66
2686 8384 536 123 65
2681 8347 546 122 65
2681 8320 542 120 64
2681 8320 562 120 64
2681 8329 568 120 64
2681 8352 566 119 63
2688 8388 559 119 63
2693 8432 562 119 63
2693 8482 539 119 63
2704 8521 538 119 63
2716 8542 519 119 63
2735 8550 513 120 64
2758 8537 515 120 64
2781 8518 513 120 64
2805 8499 518 122 65
2825 8481 518 122 65
2845 8481 533 122 65
2863 8481 536 123 65
2878 8497 554 123 65
2893 8534 567 123 65
2912 8579 567 123 65
2920 8629 589 123 65
2920 8680 586 123 65
2911 8729 602 123 65
2892 8772 627 123 65
2867 8804 627 122 67
2824 8804 622 122 67
2750 8795 611 122 67
2654 8753 577 122 67
2528 8677 556 124 67
2385 8579 488 124 67
2230 8453 483 124 67
2071 8324 481 126 67
1928 8210 483 126 67
1843 8108 472 126 67
1792 8028 453 126 67
1787 7981 439 126 67
1826 7957 447 126 67
1893 7970 473 126 67
2000 8020 492 126 67
2114 8094 519 124 66
2233 8163 532 124 66
2296 8203 600 124 66
2306 8224 649 124 66
2281 8212 665 124 66
2184 8158 655 126 67
2036 8075 647 126 67
1854 7946 622 126 67
1684 7811 620 126 67
1557 7673 622 126 67
1458 7574 597 126 67
1464 7532 591 126 67
1549 7532 616 126 67
1686 7595 650 124 67
1871 7700 716 124 67
2087 7832 762 124 67
2323 7997 796 122 67
2555 8159 818 124 66
2765 8293 794 124 66
2960 8410 771 124 66
3071 8483 742 124 66
3122 8516 687 124 66
3133 8522 577 126 66
3105 8503 368 126 66
3036 8449 60 126 66
3036 8449 0 128 65
2836 8293 0 128 65
2734 8213 0 130 66
2636 8132 0 130 66
2538 8052 0 128 66
2464 7973 0 128 66
2405 7895 0 128 66
2368 7836 0 128 66
2335 7790 0 126 67
2313 7767 0 126 67
2297 7757 0 124 66
2276 7757 0 124 66
2276 7757 61 124 66
2212 7771 179 123 65
2191 7778 274 123 65
2175 7778 348 123 65
2169 7771 396 121 66
2169 7760 438 121 66
2174 7738 483 121 66
2185 7708 526 121 66
2197 7679 559 121 66
2208 7653 578 121 66
2208 7642 611 121 66
2208 7642 638 121 66
2208 7642 664 121 66
2201 7662 655 121 66
2201 7689 640 121 66
2201 7741 647 121 66
2222 7802 630 121 66
2248 7869 620 121 66
2282 7927 619 121 66
2317 7965 609 121 66
2349 7989 589 121 66
2364 7982 592 121 66
2370 7956 586 121 66
2370 7918 595 123 65
2346 7856 585 121 66
2315 7802 589 121 66
2288 7754 577 121 66
2279 7726 557 121 66
2279 7710 536 121 66
2290 7701 536 122 67
2304 7701 546 122 67
2331 7701 553 122 67
2365 7701 565 122 67
2397 7715 564 122 67
2427 7738 578 120 67
2458 7770 577 120 67
2488 7809 577 120 67
2508 7845 578 120 67
2521 7879 578 124 67
2526 7910 584 124 67
2515 7929 589 124 67
2492 7941 591 126 67
2463 7941 589 126 67
2436 7941 595 124 67
2409 7931 600 122 67
2395 7908 600 122 67
2386 7876 595 122 67
2386 7843 591 122 67
2399 7808 594 122 67
2423 7791 595 122 67
2449 7791 595 122 67
2476 7791 595 124 66
2500 7815 595 124 66
2512 7845 592 124 66
2512 7869 595 124 66
2512 7895 586 124 66
2501 7923 564 124 66
2480 7938 495 124 66
2471 7949 232 124 66
2471 7949 0 124 66
2465 7956 0 122 67
2482 7961 0 122 67
2504 7972 0 122 67
2537 7986 0 120 67
2570 8001 0 120 67
2605 8016 0 120 67
2605 8016 307 120 67
2605 8016 389 120 67
2605 8016 480 122 68
2605 8016 544 122 68
2605 8016 554 122 68
2605 8016 570 124 67
2591 7954 560 124 67
2591 7903 561 124 67
2599 7871 561 125 68
2604 7854 542 125 68
2604 7846 543 128 68
2604 7846 536 128 68
2599 7877 544 128 68
2593 7917 530 130 67
2588 7961 532 130 67
2596 8009 533 130 67
2607 8060 519 130 67
2626 8097 520 128 66
2654 8130 519 128 66
2686 8140 520 126 67
2708 8140 526 126 67
2723 8119 564 126 67
2723 8083 580 126 67
2713 8034 614 126 66
2691 7987 627 124 66
2665 7945 631 124 66
2641 7906 620 124 66
2625 7879 594 124 66
2619 7870 537 124 66
2619 7870 439 128 66
2632 7888 244 128 66
2632 7888 0 128 66
2679 7981 0 128 66
2706 8033 0 128 66
2730 8084 0 128 66
2752 8128 0 128 66
2752 8128 165 128 66
2773 8189 265 128 66
2767 8200 398 126 67
2767 8200 463 126 67
2767 8195 502 126 67
2767 8185 519 126 67
2767 8153 522 128 66
2772 8107 529 128 66
2772 8063 532 128 66
2772 8027 535 128 66
2772 7997 543 128 66
2772 7983 536 126 67
2772 7983 550 126 67
2766 7997 543 126 67
2759 8028 536 126 67
2759 8070 536 126 67
2759 8119 530 126 67
2778 8178 524 126 67
2798 8233 518 126 67
2818 8270 522 126 67
2840 8296 515 126 67
2854 8296 517 128 66
2862 8289 515 128 66
2862 8258 521 130 67
2862 8211 518 131 67
2844 8168 519 131 67
2833 8131 512 131 67
2823 8097 509 130 66
2816 8082 495 128 66
2816 8073 490 128 66
2825 8068 498 128 66
2838 8068 497 128 66
2855 8068 496 128 66
2875 8073 481 128 66
2896 8088 371 128 66
2917 8111 161 128 66
2917 8111 0 128 66
2950 8172 0 128 66
2963 8204 0 128 66
2969 8237 0 128 66
2975 8275 0 126 66
2980 8318 0 126 66
2980 8318 129 126 66
2971 8396 272 126 66
2966 8412 423 126 66
2966 8417 477 126 66
2958 8403 526 128 66
2958 8383 540 128 66
2951 8338 570 130 66
2951 8279 566 130 66
2951 8223 570 130 66
2946 8180 557 130 66
2958 8145 514 128 66
2970 8127 425 128 66
2981 8127 270 128 66
3004 8142 30 128 66
3004 8142 0 126 66
3063 8219 0 126 66
3091 8265 0 126 66
3110 8311 0 126 66
3110 8311 61 126 66
3120 8402 186 126 66
3120 8442 324 126 66
3105 8464 450 126 66
3090 8469 537 125 65
3079 8464 557 125 65
3069 8445 561 125 65
3052 8411 584 125 65
3029 8367 609 125 65
3013 8316 627 125 65
3013 8265 638 125 65
3013 8229 639 125 65
3026 8204 622 125 65
3042 8190 614 125 65
3068 8190 585 125 65
3092 8209 562 125 65
3114 8238 517 125 65
3136 8277 473 125 65
3147 8322 405 125 65
3147 8359 369 125 65
3147 8394 339 125 65
3137 8411 358 125 65
3126 8417 381 125 65
3120 8409 391 125 65
3120 8404 394 125 65
3120 8404 389 125 65
3135 8399 388 125 65
3152 8408 399 125 65
3171 8425 399 125 65
3189 8454 391 125 65
3197 8481 422 125 65
3197 8505 449 125 65
3197 8525 481 125 65
3197 8531 498 124 64
3197 8531 488 124 64
3197 8520 491 124 64
3197 8512 496 122 65
3197 8482 522 120 64
3191 8437 540 122 65
3191 8380 550 122 65
3191 8327 559 122 65
3191 8294 559 124 64
3212 8274 553 124 64
3228 8274 564 125 65
3243 8294 565 125 65
3263 8326 564 125 65
3281 8371 561 125 65
3291 8416 556 125 65
3297 8465 540 125 65
3303 8518 536 125 65
3309 8562 536 122 65
3316 8603 540 122 65
3316 8621 554 122 65
3322 8626 570 122 65
3322 8626 583 122 65
3322 8608 606 122 65
3322 8588 639 122 65
3315 8558 636 123 65
3315 8536 641 123 65
3309 8520 646 124 66
3309 8494 646 124 66
3309 8478 644 124 66
3309 8469 643 124 66
3309 8452 646 124 66
3309 8438 646 124 66
3303 8426 646 124 66
3303 8408 650 124 66
3303 8386 649 124 66
3313 8367 649 124 66
3330 8352 649 124 66
3346 8347 650 124 66
3361 8352 653 124 66
3372 8365 658 124 66
3380 8385 649 124 66
3391 8409 628 126 67
3401 8437 575 126 67
3410 8459 480 126 67
3417 8476 322 126 67
3417 8484 1 124 66
3417 8484 0 124 66
3423 8484 0 124 66
3423 8484 0 123 65
3423 8492 0 123 65
3418 8499 0 123 65
3409 8499 0 122 65
3397 8507 0 122 65
3375 8507 0 122 65
3353 8507 0 120 64
3331 8507 0 120 64
3320 8507 0 120 64
3314 8507 0 120 64
3314 8507 0 119 63
3314 8507 394 119 63
3314 8507 546 119 63
3314 8507 644 119 63
3334 8533 694 120 64
3343 8540 716 120 64
3353 8547 697 120 64
3369 8562 630 122 65
3389 8582 420 122 65
3389 8582 0 122 65
3398 8606 0 122 65
3398 8615 0 122 65
3389 8622 0 122 65
3379 8628 0 122 65
3367 8628 0 122 65
3367 8628 226 120 65
3367 8628 382 120 65
3346 8656 560 119 64
3346 8665 638 119 64
3352 8675 667 119 64
3364 8687 673 120 65
3381 8703 659 120 65
3402 8722 611 120 65
3426 8743 565 120 65
3452 8760 516 121 66
3473 8769 509 121 66
3493 8769 514 121 66
3507 8769 519 121 66
3521 8758 559 121 66
3536 8748 588 122 67
3550 8735 620 122 67
3550 8720 655 122 67
3550 8689 679 122 67
3536 8649 690 124 67
3524 8608 690 124 67
3518 8578 681 124 67
3518 8556 672 126 67
3534 8545 676 126 67
3554 8545 675 126 67
3588 8562 659 126 67
3631 8585 560 126 67
3672 8612 379 126 67
3672 8612 0 126 67
3722 8666 0 126 67
3710 8673 0 126 67
3683 8673 0 124 66
3683 8673 186 124 66
3597 8638 218 124 66
3550 8621 327 124 66
3529 8605 376 124 66
3524 8605 425 124 66
3539 8605 431 124 66
3575 8617 412 124 66
3624 8642 287 124 66
3624 8642 0 124 66
3706 8698 0 124 66
3726 8704 0 124 66
3716 8704 0 124 66
3689 8682 0 124 66
3650 8644 0 124 66
3601 8593 0 126 66
3527 8514 0 126 66
3435 8421 0 126 66
3322 8318 0 126 66
3191 8207 0 126 66
3049 8095 0 126 66
2929 7981 0 124 66
2815 7868 0 124 66
2710 7770 0 123 65
2608 7683 0 121 66
2532 7610 0 121 66
2532 7610 425 121 66
2463 7543 415 121 66
2456 7552 490 122 67
2483 7582 550 122 67
2532 7626 594 126 67
2639 7708 644 128 68
2793 7828 714 128 68
2977 7973 748 129 68
3205 8135 756 129 68
3432 8293 745 129 68
3659 8443 702 131 68
3851 8562 527 131 68
