1440 7725 47 127 64
1440 7725 214 127 64
1434 7770 223 124 64
1434 7805 247 122 63
1441 7860 309 121 63
1468 7928 364 121 63
1508 8012 402 121 63
1563 8095 439 120 62
1636 8173 465 120 62
1721 8243 473 120 62
1804 8305 477 122 61
1888 8361 472 122 61
1965 8391 468 122 61
2036 8406 468 122 61
2093 8400 469 122 61
2122 8360 464 122 61
2132 8297 470 123 61
2113 8205 450 123 61
2058 8079 456 123 61
1979 7931 453 123 61
1883 7786 452 120 60
1780 7670 465 120 60
1672 7574 474 120 60
1564 7516 495 120 60
1497 7497 515 119 60
1458 7503 519 119 60
1442 7548 513 120 60
1461 7623 522 120 60
1502 7718 546 120 60
1576 7819 574 120 60
1668 7924 603 120 60
1773 8031 617 120 60
1878 8123 617 120 60
1973 8185 614 122 60
2052 8228 616 122 60
2123 8243 600 122 60
2165 8243 594 122 60
2189 8222 591 124 60
2202 8191 569 124 60
2191 8130 536 125 60
2150 8050 510 126 60
2089 7931 417 125 60
2011 7806 397 125 60
1938 7692 413 125 60
1869 7588 414 125 60
1841 7516 420 125 60
1851 7480 430 124 60
1885 7468 448 124 60
1966 7498 468 124 60
2094 7564 483 123 59
2253 7653 515 124 60
2402 7760 543 124 60
2546 7881 551 124 60
2686 8012 570 125 59
2802 8135 567 125 59
2882 8223 570 126 60
2937 8289 556 126 60
2932 8307 548 126 60
2888 8292 530 126 60
2819 8255 536 126 60
2691 8173 551 129 60
2553 8072 560 129 60
2408 7958 572 129 60
2300 7842 567 128 61
2225 7725 566 128 61
2173 7629 567 128 61
2173 7547 564 128 61
2221 7497 578 128 61
2306 7497 602 126 60
2444 7526 636 126 60
2617 7622 644 126 60
2814 7759 662 126 60
2990 7924 664 126 60
3149 8102 664 125 59
3296 8254 662 127 59
3385 8390 671 127 59
3422 8489 673 127 59
3422 8539 665 127 59
3381 8556 636 128 59
3294 8537 634 128 59
3179 8472 640 128 59
3042 8377 647 128 59
2909 8263 650 128 59
2812 8136 662 128 59
2736 8000 650 127 59
2690 7870 636 127 59
2695 7794 647 126 58
2733 7755 652 126 58
2810 7755 673 126 58
2921 7799 691 124 57
3054 7870 734 124 57
3212 7977 782 124 57
3348 8082 793 124 57
3470 8187 777 124 57
3542 8254 755 127 57
3565 8273 725 127 57
3556 8259 688 128 58
3496 8201 685 129 59
3407 8074 688 129 59
3299 7900 693 129 59
3186 7747 721 129 59
3083 7621 727 129 59
3029 7514 740 129 59
3004 7455 740 128 58
3015 7442 763 128 58
3077 7461 753 127 57
3173 7536 767 127 57
3313 7652 768 126 57
3473 7796 759 126 57
3646 7933 756 126 57
3828 8066 742 127 56
3982 8148 719 128 57
4118 8198 650 128 57
4254 8215 548 128 57
4359 8209 207 130 58
