1069 7382 400 104 63
1002 7327 402 104 63
993 7332 417 104 62
1043 7339 557 103 61
1136 7380 667 102 60
1257 7444 771 102 59
1405 7608 833 102 59
1578 7860 893 102 58
1767 8171 914 102 58
1913 8415 924 104 59
1967 8655 924 105 59
1959 8832 927 106 60
1895 8970 929 108 61
1767 8983 933 111 61
1597 8877 950 113 61
1378 8692 958 113 61
1186 8384 958 114 61
1011 8050 974 114 61
935 7700 982 112 60
983 7437 977 111 59
1114 7318 984 109 59
1318 7296 996 108 58
1560 7385 1021 106 58
1826 7560 1023 106 58
2067 7792 1021 105 58
2227 8034 1006 105 58
2332 8195 981 105 59
2316 8303 991 106 60
2234 8389 995 107 61
2108 8364 981 108 61
1953 8266 988 109 62
1803 8089 1008 111 61
1714 7878 1011 111 61
1663 7644 1003 111 61
1682 7544 1003 110 60
1770 7544 996 110 60
1905 7614 990 108 61
2077 7807 986 108 60
2240 8014 962 106 60
2397 8230 955 107 61
2465 8323 956 108 61
2483 8348 971 108 61
2468 8327 980 111 61
2426 8238 987 114 62
2374 8082 1009 114 62
2315 7882 1023 114 62
2277 7714 1021 114 62
2287 7638 990 114 62
2328 7624 989 112 62
2384 7643 974 112 62
2442 7737 940 110 63
2501 7882 926 110 63
2542 8003 894 110 63
2572 8121 852 110 63
2597 8265 805 111 64
2645 8429 757 113 63
2708 8628 737 115 63
2789 8807 739 115 63
2843 8973 763 116 63
2880 9033 797 118 62
2866 9033 829 120 62
2819 8995 858 120 62
2751 8866 903 122 61
2660 8682 942 122 61
2575 8461 953 122 61
2501 8212 973 122 61
2434 7971 976 120 62
2409 7735 946 118 62
2409 7631 930 116 63
2431 7575 861 115 63
2469 7550 827 113 63
2520 7580 812 112 62
2591 7681 784 110 63
2663 7830 749 110 63
2711 7993 743 110 63
2743 8128 757 110 63
2730 8208 762 110 63
2704 8262 793 112 62
2669 8262 815 111 61
2623 8193 822 113 61
2575 8072 854 114 61
2526 7866 908 115 62
2531 7695 929 115 62
2578 7547 951 115 62
2653 7478 964 114 62
2757 7478 978 114 62
2868 7516 1002 114 62
2984 7581 1017 112 62
3077 7686 1023 111 61
3141 7817 1023 111 61
3186 7948 1023 111 61
3174 8084 1023 111 61
3132 8223 1023 113 61
3071 8248 1023 114 62
3009 8212 1023 115 62
2949 8136 1023 115 62
2894 7980 1023 117 61
2889 7820 1023 117 61
2917 7713 1023 117 61
2991 7642 1023 117 61
3110 7642 1023 114 61
3258 7700 1023 114 61
3376 7793 1023 114 62
3469 7933 1023 114 62
3544 8056 1023 114 62
3549 8168 1023 116 63
3523 8211 1023 116 63
3476 8211 1023 119 63
3407 8172 1023 119 63
3340 8061 1023 121 63
3274 7931 1023 121 63
3274 7788 1023 121 63
3322 7705 1023 121 63
3393 7679 1023 119 63
3499 7691 1023 119 63
3619 7805 1023 117 63
3748 7923 1023 117 63
3778 8043 1023 117 63
3732 8127 1023 117 63
3635 8190 1023 119 63
3528 8240 1023 119 63
3421 8190 1023 121 63
3350 8095 1023 121 63
3303 7970 1023 123 62
3353 7864 1023 123 62
3460 7806 1023 124 63
3605 7781 1023 122 63
3773 7841 1023 122 63
3928 7948 1023 122 63
4039 8086 1023 122 63
4124 8212 1023 122 63
4124 8340 1023 122 63
4022 8470 1023 122 63
3854 8629 1023 122 63
3532 8734 1023 124 63
3152 8804 1023 124 63
2733 8741 1023 124 63
2346 8570 1023 124 63
2012 8326 1023 123 62
1712 8001 1023 121 63
1526 7631 1023 120 62
1547 7232 1023 119 61
1706 6987 1023 117 61
2094 6885 1023 115 62
2602 6879 1023 113 61
3189 6965 1023 111 61
3744 7134 977 109 62
