1265 8159 186 169 65
1265 8159 207 165 64
1237 8164 254 163 64
1237 8171 305 161 64
1243 8171 377 160 63
1250 8171 443 158 62
1283 8180 480 158 62
1334 8180 507 158 62
1436 8194 526 161 62
1588 8218 529 161 62
1774 8239 526 161 62
1973 8264 513 163 62
2200 8292 515 163 62
2446 8315 509 165 61
2674 8336 507 167 61
2878 8352 504 169 61
3065 8352 509 169 61
3227 8346 512 171 60
3343 8332 505 171 60
3429 8314 483 171 60
3476 8296 455 170 59
3476 8279 463 170 59
3435 8252 455 170 59
3345 8219 430 168 58
3188 8173 407 168 58
2985 8121 415 166 59
2745 8053 444 166 59
2473 7974 445 166 59
2179 7869 475 164 60
1870 7759 515 164 60
1610 7657 537 162 61
1383 7562 551 161 62
1251 7493 551 159 61
1178 7448 570 155 62
1144 7420 563 153 61
1152 7425 570 151 61
1185 7448 566 150 60
1234 7484 564 148 60
1323 7574 565 147 61
1468 7705 545 145 60
1651 7863 470 147 61
1855 8079 468 147 61
2061 8291 442 150 60
2267 8466 446 151 61
2392 8619 443 153 61
2465 8686 496 156 61
2465 8706 529 157 61
2422 8696 561 157 61
2356 8625 606 160 60
2236 8488 640 162 61
2110 8307 665 162 61
1979 8125 670 162 61
1896 7971 664 162 61
1842 7837 679 161 62
1807 7777 684 161 62
1816 7745 684 159 61
1852 7733 690 158 62
1906 7769 697 156 62
2043 7868 705 156 62
2191 8008 755 156 62
2346 8139 811 156 62
2430 8223 861 156 62
2463 8277 914 156 62
2463 8284 909 159 61
2455 8265 914 159 61
2423 8229 899 159 61
2373 8147 882 160 60
2336 8076 751 159 61
2329 8012 146 159 61
