1872 8525 185 320 58
1911 8548 305 323 59
1916 8548 428 324 60
1911 8525 570 325 60
1882 8485 628 325 60
1838 8432 678 325 60
1756 8356 710 324 60
1669 8280 721 324 60
1574 8205 730 322 61
1504 8148 724 321 60
1451 8102 696 321 60
1415 8075 627 321 60
1396 8068 423 319 61
1389 8075 146 319 61
1389 8075 0 319 61
1411 8117 0 321 61
1446 8156 0 321 61
1481 8204 0 321 61
1511 8254 0 321 61
1541 8323 0 321 60
1573 8403 0 319 60
1606 8491 0 318 59
1638 8574 0 316 57
1668 8633 0 315 57
1668 8633 237 314 56
1743 8702 443 315 55
1771 8710 492 316 56
1806 8710 613 316 57
1855 8717 676 318 58
1911 8729 710 321 59
1985 8742 730 322 59
2075 8762 754 322 61
2176 8784 762 322 61
2305 8794 782 322 61
2432 8794 794 321 60
2558 8771 808 319 60
2644 8718 832 318 59
2693 8647 819 316 58
2716 8563 819 315 58
2705 8452 817 314 57
2631 8323 826 312 58
2514 8181 821 311 57
2314 8045 820 311 57
2075 7937 818 312 58
1810 7847 817 312 58
1615 7802 814 312 59
1471 7787 806 314 60
1360 7792 797 315 60
1291 7804 797 316 61
1256 7823 788 318 61
1244 7848 796 318 61
1255 7874 823 320 62
1322 7904 830 320 62
1427 7947 845 321 61
1609 7997 843 321 61
1889 8058 827 321 61
2234 8140 800 321 61
2646 8236 757 319 61
3121 8363 702 319 61
3637 8491 666 318 60
4112 8619 645 315 59
4412 8743 567 312 58
4594 8806 448 308 57
4688 8829 273 307 56
4730 8856 78 305 55
4730 8856 0 303 55
4685 8869 0 302 54
4598 8845 0 300 54
4488 8794 0 299 53
4338 8728 0 299 53
4166 8663 0 300 54
3980 8601 0 302 54
3854 8551 0 304 54
3714 8508 0 306 54
3564 8461 0 308 54
3425 8409 0 310 54
3279 8355 0 310 54
3128 8306 0 313 54
3005 8271 0 314 54
2885 8246 0 315 54
2767 8228 0 317 54
2663 8215 0 319 55
2588 8206 0 320 55
2532 8201 0 323 55
2475 8194 0 323 55
2433 8186 0 323 56
2401 8195 0 323 56
2389 8208 0 323 56
2389 8220 0 323 56
2395 8229 0 323 56
2415 8236 0 323 56
2438 8236 0 322 57
2463 8243 0 322 57
2481 8243 0 322 57
2501 8253 0 322 57
2525 8262 0 320 58
2549 8269 0 322 58
2573 8269 0 322 58
2581 8275 0 322 58
2586 8281 0 322 58
2586 8287 0 323 59
2592 8287 0 323 59
2592 8282 0 323 59
2592 8282 0 323 59
2597 8282 0 323 59
2597 8282 0 322 59
2597 8282 0 322 59
2597 8282 0 322 59
2597 8290 0 322 59
2602 8295 0 322 59
2611 8304 0 322 59
2623 8315 0 322 59
2642 8325 0 322 59
2669 8339 0 322 59
2700 8353 0 322 59
2727 8368 0 322 59
2746 8382 0 322 59
2759 8397 0 321 59
2759 8397 109 321 59
2759 8397 149 321 59
2759 8397 195 319 58
2759 8397 247 320 58
2759 8397 296 320 58
2721 8379 356 319 58
2674 8351 415 318 58
2626 8315 468 318 58
2589 8275 521 318 58
2559 8234 611 316 57
2547 8200 628 315 58
2541 8177 638 315 58
2541 8163 636 314 57
2547 8163 614 314 57
2574 8171 594 312 58
2614 8194 569 312 58
2656 8244 533 312 58
2704 8291 504 312 58
2756 8337 488 312 58
2781 8376 486 312 58
2800 8396 481 315 58
2800 8404 499 315 58
2800 8398 519 315 58
2783 8377 562 318 58
2765 8345 592 318 58
2740 8306 609 318 58
2710 8269 624 318 58
2695 8238 622 316 57
2687 8223 620 315 58
2687 8218 585 314 57
2687 8223 572 314 57
2709 8252 557 314 57
2737 8297 537 312 57
2775 8336 516 312 57
2807 8362 519 314 57
2836 8380 526 314 57
2842 8380 543 314 57
2842 8368 570 315 58
2842 8352 581 315 58
2832 8330 577 316 57
2817 8303 586 316 57
2802 8274 594 316 57
2795 8262 572 315 58
2795 8262 559 315 58
2800 8278 535 315 58
2822 8315 519 315 58
2852 8358 498 315 58
2883 8390 490 315 58
2913 8414 495 315 58
2929 8421 512 315 58
2937 8421 537 315 58
2937 8408 565 316 57
2928 8387 572 316 57
2913 8359 578 316 57
2893 8326 583 316 57
2876 8303 580 316 57
2870 8284 551 316 57
2870 8284 509 316 57
2879 8297 460 316 57
2906 8331 396 316 57
2945 8368 358 316 57
2978 8406 344 316 57
3005 8427 333 316 57
3022 8438 359 316 57
3030 8438 386 316 57
3030 8429 394 315 57
3019 8415 418 315 57
3005 8394 428 315 57
2992 8375 436 315 57
2984 8357 440 315 57
2978 8357 448 315 57
2978 8350 447 315 57
2983 8350 448 315 57
2990 8350 447 314 57
2996 8350 439 314 57
3013 8356 436 314 57
3037 8366 414 314 57
3068 8385 371 314 57
3109 8421 344 314 57
3156 8467 345 314 57
3174 8493 339 315 57
3186 8501 369 314 56
3186 8496 420 314 56
3171 8479 438 314 56
3150 8456 465 314 56
3135 8430 515 314 56
3124 8415 527 314 56
3124 8406 527 314 56
3138 8406 512 314 56
3163 8421 480 314 56
3221 8462 431 314 56
3291 8521 387 314 56
3370 8580 361 314 56
3451 8637 334 314 56
3530 8678 364 312 55
3566 8708 389 312 55
3573 8701 448 312 55
3547 8668 475 311 55
3456 8617 491 311 55
3322 8538 522 311 55
3182 8461 570 311 55
3083 8389 602 311 55
3012 8326 620 312 55
2973 8270 616 312 55
2961 8237 577 311 56
2968 8220 414 312 57
3005 8214 183 312 57
3005 8214 0 311 57
3175 8266 0 311 57
3279 8302 0 311 57
3395 8353 0 311 57
3520 8414 0 310 56
3603 8477 0 311 56
3656 8542 0 311 56
3688 8609 0 311 56
3712 8685 0 311 56
3712 8685 505 312 55
3778 8857 489 312 55
3835 8915 526 311 55
3898 8971 611 311 55
3963 9026 631 310 55
4028 9069 638 310 55
4082 9103 644 309 56
4104 9132 636 310 56
4104 9132 631 308 57
4097 9132 643 308 57
4045 9132 662 307 57
3963 9087 684 306 58
3812 9013 707 306 58
3678 8919 730 306 58
3556 8821 771 307 57
3454 8725 787 306 57
3381 8637 825 307 56
3327 8558 845 309 56
3293 8501 864 310 55
3286 8458 866 310 55
3296 8443 843 310 55
3323 8430 821 311 55
3382 8436 796 311 55
3463 8456 697 311 55
3545 8497 637 311 55
3625 8544 521 311 55
3664 8577 305 311 55
3675 8599 228 310 54
3675 8629 205 310 54
3669 8655 203 309 53
3657 8670 241 308 54
3648 8680 339 307 53
3640 8680 449 307 53
3640 8680 554 307 53
3640 8680 641 305 53
3640 8673 690 305 53
3651 8665 740 305 53
3660 8658 737 305 53
3681 8658 731 307 52
3712 8667 727 307 52
3749 8687 708 307 52
3783 8713 664 307 52
3815 8737 664 307 52
3828 8750 641 307 53
3828 8758 641 308 54
3817 8751 670 308 54
3777 8727 673 309 55
3719 8692 697 309 55
3676 8654 719 309 55
3647 8620 724 309 55
3626 8594 737 309 55
3616 8570 752 309 55
3616 8549 753 309 55
3616 8535 758 308 54
3622 8529 728 308 54
3647 8529 672 308 54
3682 8554 620 308 54
3722 8590 591 307 53
3756 8632 564 307 53
3787 8663 548 307 53
3806 8687 553 307 53
3821 8696 583 307 53
3829 8696 616 308 54
3829 8687 641 308 54
3829 8675 663 309 55
3829 8656 676 309 55
3822 8633 675 310 55
3808 8606 678 311 56
3795 8593 675 312 55
3795 8593 662 312 55
3795 8598 640 312 55
3802 8607 641 312 55
3820 8633 620 312 55
3844 8671 589 312 55
3879 8709 577 312 55
3908 8732 586 312 55
3934 8745 620 312 55
3942 8738 672 312 55
3948 8714 691 312 55
3948 8679 727 312 55
3930 8628 722 312 55
3900 8579 739 312 55
3884 8550 740 312 55
3874 8534 721 311 55
3868 8534 711 311 55
3868 8543 699 311 55
3878 8567 690 311 55
3893 8601 662 311 55
3918 8641 644 311 55
3946 8682 619 311 55
3975 8712 613 311 55
3993 8736 619 311 55
3998 8744 620 311 55
3993 8744 636 311 55
3993 8729 650 311 55
3981 8714 667 311 55
3970 8696 663 311 55
3959 8676 667 311 55
3952 8658 666 311 55
3952 8658 658 311 55
3960 8658 622 311 55
3969 8672 539 311 55
3995 8706 488 311 55
4032 8754 381 311 55
4064 8794 396 311 55
4090 8807 417 310 55
4106 8807 519 310 55
4116 8790 542 310 55
4121 8758 572 310 55
4121 8714 588 310 55
4104 8669 588 310 55
4095 8642 570 309 55
4089 8626 439 309 55
4089 8626 334 309 55
4099 8659 183 309 55
4099 8659 0 309 55
4148 8767 0 309 55
4181 8808 0 309 55
4225 8841 0 309 55
4225 8841 76 307 55
4335 8887 172 307 55
4393 8906 256 307 55
4450 8914 367 306 56
4466 8904 398 305 55
4452 8883 417 305 55
4417 8825 433 305 55
4290 8726 466 305 55
4133 8601 498 305 55
3955 8475 519 305 55
3807 8397 524 305 55
3719 8350 512 306 54
3670 8364 495 306 54
3649 8405 488 308 54
3665 8465 472 308 54
3706 8569 453 308 54
3790 8676 443 309 53
3905 8785 388 308 53
4040 8892 289 309 53
4210 9005 202 309 53
4382 9094 259 308 54
4556 9166 443 306 54
4611 9134 512 305 55
4552 9027 614 304 55
4418 8870 673 304 55
4129 8666 716 304 55
3788 8489 737 304 55
3413 8329 751 304 55
3054 8185 768 304 55
2821 8129 754 306 56
2671 8129 739 309 56
2606 8153 727 311 56
2589 8200 719 311 56
2603 8263 690 314 56
2704 8361 682 314 56
2892 8467 641 315 57
3139 8579 567 316 56
3453 8689 491 316 56
3757 8793 499 316 56
4055 8892 577 316 56
4090 8876 586 315 55
3964 8782 641 315 55
3731 8636 672 315 55
3393 8452 707 312 55
2985 8296 737 312 55
2529 8158 759 314 56
2185 8044 806 314 56
1946 7964 853 315 57
1778 7906 888 315 57
1676 7871 908 316 57
1640 7857 949 318 58
1648 7857 956 319 58
1695 7852 973 321 59
1905 7929 958 321 59
2223 8060 942 321 59
2598 8198 843 321 59
3108 8379 578 321 59
