1024 8163 119 133 73
1032 8201 251 135 72
1032 8207 343 135 72
1032 8212 420 137 71
1032 8212 473 137 71
1039 8217 510 137 71
1049 8217 527 139 71
1067 8196 540 137 70
1080 8168 532 137 70
1090 8126 494 137 70
1098 8083 415 137 70
1098 8040 314 137 70
1086 8003 218 137 70
1077 7968 175 135 71
1071 7957 184 135 71
1071 7957 155 135 71
1071 7962 160 135 71
1071 7984 175 135 71
1071 8018 190 133 71
1071 8061 218 133 71
1082 8106 239 133 71
1101 8147 254 133 71
1121 8185 275 135 71
1147 8213 301 135 71
1177 8237 319 135 71
1204 8245 336 135 71
1229 8245 344 135 71
1253 8226 339 137 70
1265 8190 306 135 69
1265 8141 262 135 69
1265 8083 226 135 69
1243 8035 198 133 70
1216 7995 212 133 70
1184 7964 221 133 70
1157 7942 254 133 70
1129 7927 226 131 71
1103 7921 148 131 71
1103 7921 0 131 71
1095 7930 0 131 71
1118 7943 0 128 71
1144 7956 0 128 71
1182 7970 0 128 71
1226 7979 0 130 72
1270 7986 0 130 72
1311 7986 0 128 72
1350 8000 0 128 72
1393 8013 0 130 73
1425 8026 0 130 73
1450 8039 0 130 73
1471 8050 0 132 74
1476 8061 0 132 74
1471 8072 0 135 75
1462 8080 0 135 75
1462 8080 186 135 75
1462 8080 244 138 74
1428 8105 340 138 74
1416 8105 362 135 73
1404 8105 402 137 73
1389 8095 420 137 73
1370 8081 433 135 72
1351 8057 440 135 72
1333 8030 440 135 72
1327 8010 425 135 71
1327 7993 399 135 71
1337 7993 361 135 71
1347 7993 344 135 71
1362 8012 304 135 71
1383 8040 304 135 71
1403 8056 304 135 71
1416 8069 339 135 71
1425 8069 398 135 71
1439 8069 438 135 71
1452 8062 450 135 71
1464 8051 453 135 71
1475 8040 414 135 71
1487 8028 314 135 71
1498 8023 83 137 71
1498 8023 0 137 71
1524 8023 0 137 71
1532 8031 0 137 73
1532 8038 0 137 73
1543 8053 0 137 73
1543 8066 0 140 73
1543 8085 0 140 73
1543 8085 177 140 73
1543 8115 310 140 73
1543 8115 425 140 73
1543 8109 468 140 73
1543 8095 485 140 73
1553 8073 491 140 73
1565 8048 470 140 73
1581 8030 460 142 72
1597 8016 450 142 72
1614 8016 448 142 72
1632 8023 455 140 73
1649 8036 456 137 73
1666 8056 456 135 72
1666 8076 443 135 72
1666 8092 384 133 71
1655 8105 193 133 71
1655 8105 0 135 71
1633 8112 0 135 71
1623 8112 0 135 71
1618 8112 0 137 71
1618 8112 0 140 72
1627 8112 0 142 72
1639 8112 0 142 72
1655 8112 0 140 73
1674 8120 0 140 73
1674 8120 265 140 73
1707 8125 366 137 73
1717 8125 469 137 71
1722 8113 496 137 71
1727 8101 489 137 71
1732 8089 460 135 71
1738 8076 343 135 71
1744 8060 103 137 71
1744 8060 0 137 71
1760 8035 0 137 71
1772 8026 0 135 72
1791 8019 0 135 72
1814 8019 0 133 71
1839 8033 0 130 72
1866 8045 0 130 72
1891 8063 0 130 72
1902 8084 0 128 71
1902 8103 0 128 71
1902 8103 274 128 71
1869 8129 330 128 71
1844 8129 374 133 71
1830 8129 381 133 71
1819 8119 384 135 71
1814 8100 382 135 71
1814 8077 367 137 71
1825 8058 346 139 71
1842 8043 344 139 71
1868 8036 337 139 71
1899 8043 339 139 71
1928 8059 339 139 71
1947 8078 339 137 71
1961 8106 354 135 71
1967 8140 358 135 71
1960 8177 351 135 71
1945 8231 339 137 70
1928 8296 362 137 70
1909 8346 423 137 70
1888 8372 486 137 70
1878 8381 530 139 69
1873 8375 556 139 69
1873 8345 569 139 69
1873 8298 578 141 68
1891 8231 563 141 68
1912 8170 517 141 68
1933 8114 361 141 68
1952 8065 58 139 69
1952 8065 0 139 69
1979 8010 0 139 69
1991 7998 0 137 70
2006 7998 0 137 70
2025 7998 0 133 70
2050 7998 0 131 71
2078 7998 0 131 71
2106 7998 0 128 71
2132 7998 0 128 71
2156 8004 0 124 71
2182 8015 0 124 71
2207 8026 0 124 71
2231 8042 0 124 71
2243 8061 0 124 71
2243 8061 53 127 70
2248 8096 195 127 70
2238 8111 270 127 70
2219 8121 372 129 70
2204 8126 435 129 70
2189 8126 465 131 69
2174 8108 486 131 69
2164 8088 495 131 69
2156 8064 483 133 69
2156 8040 456 133 69
2163 8025 415 131 69
2182 8015 412 131 69
2207 8015 394 131 69
2232 8034 388 131 69
2256 8059 400 131 69
2277 8088 402 131 69
2288 8128 400 131 69
2288 8176 379 131 69
2288 8245 324 131 69
2281 8320 307 133 69
2272 8399 349 133 69
2261 8434 409 135 68
2252 8445 442 137 69
2252 8440 464 137 69
2252 8440 480 139 68
2252 8409 485 139 68
2258 8362 488 139 68
2269 8297 480 140 67
2285 8232 428 140 67
2306 8167 334 140 67
2328 8120 180 139 68
2351 8083 51 139 68
2351 8083 0 137 67
2396 8047 0 137 69
2422 8047 0 137 69
2449 8055 0 137 69
2449 8055 53 135 69
2484 8090 104 135 69
2493 8110 158 135 69
2493 8131 240 135 69
2483 8153 334 135 69
2468 8163 412 135 69
2448 8163 447 137 69
2424 8163 467 137 69
2406 8147 512 137 69
2390 8122 537 137 69
2390 8097 562 137 69
2398 8073 565 137 69
2417 8052 536 137 69
2439 8040 481 137 69
2467 8034 333 137 69
2501 8042 122 137 69
2501 8042 0 137 69
2568 8077 0 137 70
2599 8097 0 137 70
2616 8124 0 137 70
2629 8155 0 139 71
2639 8191 0 142 71
2655 8231 0 142 71
2666 8273 0 146 71
2674 8322 0 146 71
2683 8379 0 146 71
2690 8442 0 148 70
2690 8493 0 145 70
2690 8493 112 143 69
2681 8532 244 145 68
2681 8532 309 142 68
2676 8501 366 142 68
2676 8451 394 140 67
2676 8375 405 140 67
2689 8296 402 140 67
2703 8230 344 140 67
2720 8173 239 142 68
2734 8123 91 141 68
2734 8123 0 141 68
2773 8074 0 141 68
2800 8074 0 141 68
2829 8074 0 141 70
2854 8082 0 141 70
2878 8099 0 141 70
2897 8117 0 141 70
2897 8117 1 141 70
2906 8153 88 141 70
2894 8167 180 141 70
2875 8174 246 141 70
2851 8174 314 141 70
2828 8165 358 143 69
2807 8151 389 143 69
2790 8132 415 143 69
2778 8110 418 143 69
2778 8093 430 143 69
2793 8080 450 143 69
2807 8071 466 143 69
2823 8071 473 143 69
2846 8081 472 143 69
2878 8098 478 143 69
2914 8112 490 143 69
2938 8120 493 141 70
2957 8120 480 141 70
2972 8112 417 141 70
2972 8101 173 141 70
2972 8101 0 143 69
2989 8080 0 143 69
2995 8080 0 141 70
3004 8086 0 141 70
3014 8095 0 141 70
3022 8107 0 141 70
3032 8121 0 139 69
3044 8139 0 139 69
3059 8171 0 139 69
3074 8213 0 139 69
3082 8269 0 139 69
3082 8337 0 139 69
3082 8414 0 141 68
3082 8492 0 141 68
3082 8561 0 141 68
3082 8561 173 142 68
3082 8615 239 142 68
3082 8615 310 142 68
3082 8575 368 142 68
3091 8515 425 144 67
3096 8412 448 142 68
3096 8308 460 142 68
3120 8221 452 142 68
3142 8147 422 142 68
3156 8100 371 145 68
3163 8071 265 143 69
3163 8054 131 143 69
3163 8054 0 143 69
3140 8068 0 143 69
3109 8093 0 141 70
3074 8130 0 141 70
3037 8176 0 141 70
3014 8229 0 141 70
2994 8269 0 141 70
2994 8269 8 141 70
2979 8325 180 141 70
2989 8340 249 143 69
3005 8358 311 143 69
3040 8380 305 143 69
3087 8404 311 143 69
3141 8427 223 145 68
3141 8427 0 145 68
3223 8460 0 145 68
3245 8465 0 145 68
3257 8465 0 145 68
3257 8455 0 145 68
3278 8436 0 144 67
3295 8391 0 144 67
3312 8367 0 144 67
3321 8357 0 145 68
3321 8335 0 145 68
3321 8320 0 145 68
3321 8309 0 145 68
3313 8304 0 145 68
3303 8294 0 143 69
3303 8294 233 143 69
3259 8259 345 143 69
3242 8242 407 143 69
3230 8223 465 143 69
3230 8207 494 143 69
3230 8193 514 143 69
3244 8175 514 141 70
3264 8166 516 141 70
3289 8166 516 141 70
3321 8174 514 141 70
3348 8192 499 141 70
3372 8216 448 141 70
3372 8241 425 141 70
3365 8267 405 141 70
3345 8293 349 141 70
3328 8313 214 143 69
3310 8327 10 143 69
3310 8327 0 143 69
3275 8327 0 143 69
3275 8313 0 143 69
3275 8294 0 143 69
3288 8275 0 143 69
3299 8257 0 143 69
3314 8244 0 143 69
3331 8244 0 143 69
3350 8244 0 141 70
3350 8244 0 141 70
3386 8244 0 141 70
3386 8244 301 143 70
3416 8235 341 143 70
3421 8224 415 143 70
3428 8213 470 143 70
3434 8198 489 143 70
3434 8182 492 143 70
3434 8168 491 143 70
3434 8155 491 143 70
3426 8142 491 143 70
3414 8135 473 143 70
3406 8135 464 141 70
3398 8142 464 141 70
3398 8160 473 143 70
3398 8183 473 143 70
3406 8211 477 143 70
3414 8237 475 143 70
3426 8263 477 143 70
3441 8280 477 143 70
3458 8294 450 143 70
3476 8303 349 143 70
3493 8309 125 143 70
3493 8309 0 145 70
3508 8302 0 145 70
3508 8291 0 145 70
3508 8277 0 148 70
3508 8262 0 148 70
3508 8247 0 148 70
3513 8232 0 148 70
3521 8218 0 148 70
3529 8205 0 146 71
3529 8193 0 146 71
3529 8193 96 146 71
3529 8193 200 146 71
3529 8193 228 146 71
3552 8164 306 146 71
3557 8164 359 146 71
3557 8155 372 146 71
3557 8155 423 146 71
3557 8155 468 146 71
3551 8155 485 146 71
3551 8155 494 146 71
3546 8155 519 146 71
3546 8155 544 146 71
3546 8155 567 146 71
3546 8155 611 146 71
3551 8155 636 146 71
3551 8172 636 146 71
3551 8191 641 146 71
3560 8216 641 146 71
3569 8240 641 146 71
3583 8264 645 148 71
3596 8281 638 150 71
3608 8298 620 150 71
3620 8315 597 150 71
3632 8326 535 150 71
3639 8332 359 150 71
3639 8332 51 150 71
3639 8332 0 153 71
3653 8289 0 153 71
3658 8270 0 153 71
3663 8252 0 153 71
3670 8236 0 153 71
3676 8221 0 153 71
3676 8211 0 153 71
3676 8211 249 153 71
3701 8204 307 151 72
3711 8209 412 151 72
3723 8216 491 151 72
3741 8225 543 151 72
3759 8233 560 148 71
3774 8240 583 148 71
3782 8248 585 148 71
3788 8258 592 146 71
3788 8268 591 146 71
3781 8277 588 146 71
3768 8284 543 145 70
3751 8284 515 145 70
3727 8278 510 145 70
3698 8261 515 148 70
3691 8239 522 148 70
3691 8216 516 148 70
3697 8193 516 148 70
3717 8169 515 150 71
3746 8157 473 150 71
3776 8152 324 150 71
3803 8158 24 148 71
3803 8158 0 148 71
3823 8202 0 146 71
3798 8231 0 146 71
3761 8266 0 143 70
3708 8305 0 143 70
3644 8355 0 143 70
3565 8415 0 143 70
3486 8483 0 143 70
3391 8550 0 145 70
3285 8600 0 145 70
3207 8640 0 147 69
3162 8677 0 147 69
3138 8708 0 148 68
3138 8708 348 148 68
3166 8728 425 145 68
3197 8707 527 145 68
3257 8641 617 145 68
3317 8535 655 145 68
3355 8402 628 143 69
3378 8260 580 143 69
3336 8141 580 143 69
3253 8037 588 145 70
3142 7971 594 145 70
3008 7918 544 145 70
2810 7874 422 145 70
2568 7850 425 143 70
2287 7879 460 143 70
2008 7944 515 143 70
1789 8051 540 143 70
1608 8189 578 143 70
1516 8347 622 148 70
1540 8507 641 148 70
1640 8651 671 150 71
1849 8744 693 154 70
2058 8809 699 154 70
2216 8823 639 157 71
2338 8788 588 157 71
2338 8720 473 157 71
2215 8622 346 157 71
2015 8504 325 157 71
1726 8372 501 154 70
1393 8246 691 154 70
1031 8140 797 154 70
822 8048 799 150 71
731 8002 788 150 71
718 7974 784 150 71
740 7957 797 148 71
881 7934 788 148 71
1100 7934 785 147 72
1413 7948 790 147 72
1785 7955 707 147 72
2197 7955 611 147 72
2598 7955 493 147 72
3000 7977 388 147 72
3309 8011 474 144 72
3556 8033 514 148 71
3729 8057 581 148 71
3847 8082 588 153 71
3928 8097 546 153 71
3961 8108 341 155 71
3970 8108 25 157 71
