1825 8654 54 114 62
1825 8654 249 114 62
1825 8654 362 114 62
1825 8654 519 115 63
1820 8680 617 113 63
1813 8680 693 113 63
1813 8680 768 113 63
1813 8680 817 113 63
1813 8680 854 112 62
1813 8680 891 112 62
1813 8680 903 112 62
1813 8680 932 111 61
1829 8622 934 111 61
1842 8568 950 111 61
1856 8511 958 111 61
1870 8438 965 110 60
1883 8355 959 112 60
1883 8268 955 112 60
1883 8182 950 112 60
1883 8103 941 113 60
1871 8029 941 113 60
1854 7968 947 113 59
1832 7927 947 114 59
1804 7899 955 113 59
1772 7882 961 113 59
1740 7889 964 113 59
1710 7912 967 113 59
1685 7959 959 113 59
1667 8014 958 111 59
1667 8074 959 111 59
1667 8116 959 111 59
1678 8139 946 111 59
1683 8150 897 113 59
1689 8150 824 113 59
1702 8143 670 113 59
1723 8128 336 113 59
1723 8128 0 113 59
1783 8081 0 113 59
1811 8059 0 111 59
1832 8041 0 111 59
1852 8026 0 111 59
1874 8014 0 109 60
1898 8006 0 109 60
1926 8006 0 107 59
1947 8006 0 107 59
1963 8014 0 105 58
1975 8024 0 105 58
1985 8038 0 104 57
1993 8050 0 104 57
2007 8062 0 105 58
2023 8076 0 106 58
2040 8092 0 106 58
2040 8092 34 109 59
2068 8108 108 109 59
2075 8108 213 109 59
2082 8108 274 111 59
2088 8108 329 111 59
2088 8108 379 111 59
2096 8102 446 113 59
2096 8102 520 113 59
2096 8107 592 113 59
2096 8107 655 113 59
2096 8112 710 113 59
2096 8117 752 113 59
2090 8125 760 113 59
2084 8134 794 114 59
2075 8143 827 114 59
2063 8143 870 114 59
2056 8143 900 114 59
2044 8143 896 114 59
2027 8129 911 114 59
2008 8112 915 113 59
1987 8078 915 113 59
1968 8033 918 113 59
1952 7995 918 113 59
1944 7955 917 113 59
1944 7924 914 113 59
1949 7900 902 113 59
1963 7881 902 113 59
1977 7874 902 113 59
1990 7874 906 113 59
2018 7896 906 113 59
2039 7927 908 113 59
2055 7965 908 113 59
2075 8021 892 113 59
2085 8063 894 113 59
2085 8095 899 113 59
2092 8113 908 113 59
2092 8126 918 113 59
2092 8126 926 113 59
2092 8126 933 113 59
2092 8121 942 113 59
2085 8101 945 113 59
2085 8072 950 113 59
2077 8028 950 113 59
2064 7988 933 113 59
2064 7951 950 113 59
2072 7916 944 113 59
2080 7893 930 113 59
2090 7877 921 113 59
2107 7877 911 113 59
2129 7884 906 111 59
2150 7904 908 112 60
2172 7943 902 112 60
2196 7994 900 112 60
2211 8053 906 112 60
2219 8097 908 112 60
2219 8124 924 112 60
2219 8141 935 113 61
2219 8141 942 113 61
2219 8141 944 114 61
2219 8135 951 114 61
2219 8119 940 114 61
2212 8081 947 114 61
2204 8030 952 114 61
2193 7986 953 114 61
2193 7952 953 114 61
2193 7925 949 114 61
2199 7906 933 114 61
2210 7900 939 113 61
2223 7900 930 112 60
2241 7922 920 112 60
2262 7959 908 112 60
2283 8010 908 112 60
2297 8054 909 113 61
2307 8095 911 113 61
2313 8118 914 113 61
2313 8131 923 113 61
2308 8131 926 113 61
2308 8131 930 114 61
2308 8122 935 114 61
2308 8095 944 114 61
2308 8054 933 114 61
2313 8008 941 114 61
2313 7969 938 114 61
2322 7943 951 114 61
2328 7923 926 113 61
2328 7923 906 113 61
2337 7930 897 113 61
2345 7948 887 113 61
2356 7989 855 113 61
2365 8033 869 113 61
2370 8079 854 113 61
2375 8101 858 113 61
2375 8118 863 113 61
2375 8123 861 113 61
2375 8118 854 113 61
2375 8102 858 114 61
2375 8075 823 114 61
2375 8047 753 114 61
2375 8018 619 114 61
2375 7992 284 114 61
2375 7992 0 114 61
2375 7960 0 113 61
2380 7966 0 113 61
2380 7975 0 113 61
2380 7975 0 111 61
2380 7975 0 110 60
2411 8006 0 108 61
2431 8016 0 108 61
2451 8027 0 107 61
2461 8035 0 106 60
2461 8042 0 106 60
2466 8048 0 107 61
2466 8048 0 107 61
2466 8048 163 108 61
2466 8048 247 108 61
2466 8048 299 109 62
2466 8048 332 111 61
2466 8048 344 111 61
2466 8048 334 111 61
2466 8048 341 114 62
2466 8048 344 114 62
2466 8048 343 114 62
2466 8048 349 114 62
2466 8048 364 114 62
2466 8048 422 115 62
2466 8048 495 115 62
2466 8048 564 115 62
2466 8048 609 114 61
2466 8048 641 114 61
2466 8048 664 114 61
2466 8048 664 114 61
2466 8048 670 114 61
2466 8048 675 114 61
2492 8041 684 114 61
2492 8047 699 114 61
2499 8053 707 114 61
2499 8053 722 114 61
2499 8058 731 114 61
2505 8058 725 114 61
2505 8065 748 114 61
2516 8072 751 114 61
2528 8089 765 114 61
2548 8127 762 115 62
2574 8179 762 115 62
2601 8244 749 115 62
2619 8324 728 115 62
2631 8414 725 117 61
2642 8488 731 116 63
2642 8521 751 116 63
2634 8527 758 116 63
2621 8521 753 116 63
2601 8491 760 115 63
2577 8446 767 115 63
2555 8376 790 115 63
2539 8302 806 115 63
2530 8220 843 115 63
2530 8132 854 116 63
2524 8045 861 116 63
2524 7972 867 115 62
2531 7908 817 115 62
2536 7861 757 115 62
2542 7838 516 115 62
2549 7831 50 114 62
2549 7831 0 114 62
2580 7934 0 114 62
2605 8037 0 112 62
2636 8133 0 112 62
2674 8199 0 112 62
2716 8245 0 112 62
2759 8257 0 112 62
2798 8264 0 111 61
2833 8257 0 113 61
2851 8242 0 113 61
2860 8220 0 112 60
2855 8196 0 112 60
2846 8165 0 113 60
2835 8133 0 113 60
2825 8100 0 113 60
2825 8100 345 114 61
2811 8052 413 114 61
2806 8040 570 115 62
2806 8032 633 115 62
2811 8032 679 117 61
2823 8040 722 117 61
2841 8061 751 117 61
2877 8121 767 116 60
2923 8207 757 116 60
2973 8318 727 116 60
3018 8460 678 115 60
3046 8623 667 113 60
3064 8754 664 113 60
3064 8828 673 113 60
3053 8863 700 113 60
3036 8852 702 112 60
3013 8788 748 112 60
2991 8689 794 112 60
2969 8542 842 112 60
2954 8369 900 112 60
2936 8180 927 112 60
2916 8010 959 112 60
2900 7840 974 112 60
2884 7713 964 112 60
2867 7616 940 110 60
2867 7581 897 109 60
2867 7581 797 109 60
2880 7610 693 108 60
2890 7701 442 108 60
2923 7851 1 108 60
2923 7851 0 108 60
2985 8223 0 108 60
3012 8344 0 108 61
3028 8425 0 108 61
3028 8425 208 108 61
3034 8391 304 111 61
3027 8345 430 111 61
3027 8286 554 111 61
3027 8237 617 113 61
3027 8196 646 113 61
3043 8170 664 113 61
3057 8170 702 113 61
3071 8177 731 113 61
3105 8233 752 113 61
3150 8344 755 113 61
3203 8493 736 112 60
3227 8664 742 110 60
3241 8779 740 111 61
3249 8857 757 111 61
3249 8870 754 111 61
3240 8855 762 111 61
3233 8822 797 111 61
3223 8726 824 111 61
3214 8606 818 111 61
3205 8470 836 112 62
3195 8340 848 112 62
3187 8219 846 112 62
3179 8104 826 112 62
3170 8010 761 114 62
3164 7957 636 114 62
3164 7932 418 114 62
3176 7942 187 114 62
3176 7942 0 114 62
3212 8032 0 114 62
3236 8063 0 112 62
3249 8080 0 111 61
3262 8089 0 111 61
3277 8083 0 111 61
3288 8074 0 111 61
3298 8058 0 111 61
3298 8058 122 111 61
3310 8032 260 111 61
3310 8023 407 111 61
3310 8023 546 112 62
3310 8013 647 114 62
3310 8008 727 114 62
3298 8003 805 114 62
3293 8003 872 115 63
3275 7994 947 115 63
3249 7986 1009 115 63
3194 7976 1023 116 63
3094 7961 1023 116 63
2965 7939 1023 116 63
2801 7918 1023 116 63
2589 7862 1023 115 63
2345 7782 1023 115 63
2130 7714 1023 115 63
1951 7658 1023 115 63
1797 7610 1023 115 63
1716 7581 1023 115 63
1677 7567 1023 115 63
1666 7567 1023 115 63
1666 7567 1023 113 63
1666 7567 973 113 63
1678 7567 894 112 62
1691 7567 817 112 62
1704 7561 761 112 62
1714 7561 564 111 61
