2188 8605 158 140 62
2194 8568 212 140 62
2189 8536 257 140 62
2183 8445 341 140 62
2183 8319 471 143 62
2177 8188 537 143 62
2161 8056 578 143 62
2161 7924 586 143 62
2161 7837 591 143 62
2177 7778 592 141 63
2191 7765 594 141 63
2204 7782 586 141 63
2218 7820 546 140 63
2218 7939 461 141 64
2218 8110 425 141 64
2198 8317 448 141 64
2183 8462 486 141 64
2183 8524 491 141 64
2183 8531 501 143 63
2188 8507 543 143 63
2198 8454 585 143 63
2224 8383 606 144 62
2259 8315 613 144 62
2303 8270 603 144 62
2348 8240 592 144 62
2395 8240 562 147 62
2437 8261 502 147 62
2478 8303 456 147 62
2517 8355 435 147 62
2555 8401 436 147 62
2578 8412 449 149 63
2590 8402 474 149 63
2610 8369 490 149 63
2629 8327 492 151 63
2648 8279 512 151 63
2668 8244 522 151 63
2689 8225 517 151 63
2721 8217 486 151 63
2754 8226 420 151 63
2790 8256 280 151 63
2830 8299 175 151 63
2874 8347 134 151 63
2915 8391 163 151 63
2951 8410 191 151 63
2985 8410 255 151 63
3020 8410 314 151 63
3052 8410 388 151 63
3084 8419 423 151 63
3118 8442 417 151 63
3151 8487 407 152 62
3175 8547 396 151 63
3194 8597 405 151 63
3194 8612 435 149 63
3170 8603 475 149 63
3139 8541 524 149 63
3116 8434 567 149 63
3108 8298 580 149 63
3108 8179 567 149 63
3116 8072 501 149 63
3123 7974 314 151 63
3123 7974 0 151 63
3131 7918 0 151 63
3116 7930 0 150 64
3092 7984 0 148 63
3061 8050 0 146 64
3025 8123 0 146 64
2993 8172 0 145 65
2960 8193 0 145 65
2923 8193 0 143 64
2885 8183 0 143 64
2839 8168 0 143 64
2794 8151 0 141 64
2754 8144 0 141 64
2718 8144 0 141 64
2682 8144 0 140 63
2648 8153 0 141 64
2611 8161 0 141 64
2573 8170 0 143 64
2538 8182 0 143 64
2508 8196 0 145 65
2481 8213 0 147 65
2455 8234 0 147 65
2434 8258 0 150 65
2416 8280 0 150 65
2407 8300 0 150 65
2407 8300 91 150 64
2407 8300 163 150 64
2413 8266 221 150 64
2426 8200 304 149 63
2447 8106 409 149 63
2469 8009 495 149 63
2491 7916 533 149 63
2514 7848 556 151 63
2539 7797 578 151 63
2560 7776 616 151 63
2578 7783 628 153 63
2600 7808 619 153 63
2625 7890 613 154 64
2656 8014 589 154 64
2669 8166 520 154 64
2669 8322 513 154 64
2663 8431 513 156 64
2663 8510 519 156 64
2655 8537 524 156 64
2655 8537 526 156 64
2665 8529 536 156 64
2709 8492 554 156 64
2777 8426 561 156 64
2873 8341 562 157 63
2974 8274 564 157 63
3071 8235 559 157 63
3163 8214 553 157 63
3234 8206 551 158 62
3259 8206 561 158 62
3253 8206 561 158 62
3211 8227 561 158 62
3128 8244 588 158 62
3018 8237 586 156 62
2874 8214 616 156 62
2745 8153 638 158 62
2625 8107 575 158 62
2585 8070 422 158 62
2562 8034 247 157 63
2562 8034 0 157 63
2551 7983 0 157 63
2551 7969 0 156 64
2551 7952 0 156 64
2531 7933 0 156 64
2501 7905 0 154 64
2465 7874 0 154 64
2415 7837 0 154 64
2415 7837 222 154 64
2286 7755 214 154 64
2248 7734 213 153 63
2228 7726 235 151 64
2219 7726 315 151 64
2234 7726 415 151 64
2278 7726 485 150 64
2342 7726 592 151 64
2456 7733 663 151 64
2608 7749 728 151 64
2786 7772 728 153 65
2980 7800 725 153 65
3120 7831 702 153 65
3225 7842 637 154 64
3278 7851 494 154 64
3301 7858 141 154 64
