1295 8211 186 132 65
1295 8211 218 130 65
1295 8211 330 130 65
1295 8211 420 132 64
1295 8211 492 130 63
1295 8211 561 130 63
1295 8211 638 129 63
1302 8186 696 129 63
1302 8186 727 130 62
1308 8186 760 129 61
1308 8186 783 129 61
1308 8186 808 129 61
1313 8186 819 129 61
1313 8196 828 129 61
1322 8216 843 129 61
1337 8244 842 129 61
1357 8274 846 130 62
1376 8314 840 130 62
1396 8362 842 130 62
1416 8409 839 132 63
1431 8454 834 132 63
1444 8497 834 132 63
1463 8532 834 133 63
1470 8561 837 135 64
1470 8579 836 135 64
1470 8594 834 135 64
1475 8594 834 137 65
1475 8594 836 137 65
1475 8594 834 137 65
1475 8594 822 137 65
1475 8585 832 137 65
1475 8573 818 137 65
1475 8547 832 137 65
1475 8513 818 137 65
1475 8463 822 137 65
1484 8416 827 137 65
1484 8370 828 137 65
1495 8326 828 138 64
1502 8301 837 138 64
1509 8288 845 138 64
1519 8288 854 138 64
1531 8293 866 138 64
1546 8307 853 138 64
1563 8333 864 138 64
1581 8367 863 138 64
1604 8406 869 138 64
1625 8450 878 137 63
1642 8495 884 137 63
1662 8541 891 137 63
1681 8587 906 135 64
1690 8626 903 135 64
1690 8655 896 135 64
1690 8672 912 135 64
1690 8681 927 133 65
1690 8687 939 133 65
1690 8687 939 133 65
1685 8687 939 133 65
1685 8687 939 133 65
1685 8673 939 133 65
1680 8657 944 133 65
1680 8612 944 133 65
1671 8548 944 133 65
1654 8470 948 133 65
1654 8372 950 135 64
1664 8262 950 135 64
1681 8148 951 135 64
1694 8034 933 137 63
1707 7938 940 137 63
1721 7854 941 135 64
1733 7798 950 135 64
1745 7758 968 135 64
1753 7730 974 133 65
1758 7716 976 133 65
1758 7709 982 133 66
1758 7709 982 133 66
1758 7709 986 133 66
1758 7709 994 133 66
1758 7709 978 133 66
1758 7709 982 133 66
1753 7709 981 133 66
1745 7709 981 133 66
1709 7704 997 133 66
1654 7694 992 133 66
1580 7675 985 133 66
1493 7651 973 133 66
1397 7625 982 133 66
1296 7589 977 133 66
1195 7552 986 132 65
1098 7521 983 132 65
1024 7494 974 130 65
966 7453 973 130 65
944 7448 959 129 64
944 7468 933 127 63
957 7468 932 129 63
991 7477 924 129 63
1066 7489 923 127 62
1168 7521 930 129 63
1300 7563 941 129 63
1482 7611 937 129 63
1696 7666 961 132 63
1960 7724 968 133 63
2256 7783 983 133 63
2574 7838 1000 135 64
2884 7893 1023 137 65
3170 7922 1023 140 65
3440 7933 1023 140 65
3669 7938 1023 140 65
3841 7943 1023 141 64
3976 7936 1023 141 64
4052 7921 1023 141 64
4083 7921 1023 143 64
4083 7913 1023 143 64
4077 7913 1002 143 64
4032 7921 788 143 64
4032 7921 0 143 64
3841 7927 0 145 64
3667 7927 0 143 64
3458 7952 0 143 64
3237 7989 0 143 64
3012 8020 0 142 65
2783 8059 0 138 65
2539 8103 0 135 67
2326 8123 0 131 67
2134 8140 0 124 66
1972 8150 0 121 66
1857 8159 0 120 65
1774 8167 0 116 64
1755 8174 0 115 63
1772 8174 0 114 62
1814 8210 0 115 62
1836 8264 0 117 61
1836 8300 0 119 61
1836 8332 0 120 60
1853 8359 0 122 60
1878 8385 0 125 60
1913 8413 0 126 60
1955 8442 0 129 60
2005 8482 0 131 60
2017 8506 0 132 60
2004 8520 0 134 60
2009 8526 0 135 60
2017 8526 0 136 61
2030 8526 0 138 60
2030 8518 0 139 61
2024 8505 0 139 61
2003 8485 0 139 61
1978 8456 0 139 61
1949 8418 0 139 61
1924 8369 0 138 61
1901 8313 0 138 61
1886 8313 0 138 61
1880 8296 0 138 61
1880 8275 0 138 61
1891 8275 0 138 61
1906 8293 0 138 61
1935 8316 0 138 61
1972 8352 0 138 61
2026 8388 0 138 61
2056 8423 0 138 61
2109 8453 0 138 61
2109 8453 255 140 62
2191 8509 409 140 62
2191 8534 498 140 62
2196 8547 594 140 62
2184 8552 670 141 63
2162 8558 708 141 63
2133 8549 705 141 63
2085 8531 714 141 63
2033 8489 725 141 63
1977 8431 724 141 63
1922 8363 728 141 63
1878 8292 728 141 63
1851 8220 719 141 63
1843 8147 702 141 63
1850 8095 670 141 63
1873 8056 636 140 62
1909 8041 605 138 63
1953 8041 589 138 63
2010 8060 581 137 62
2058 8083 581 137 62
2099 8098 586 137 62
2104 8086 610 137 62
2099 8059 649 137 62
2087 8000 697 137 62
2054 7920 759 137 62
2024 7826 788 135 63
1995 7740 815 135 63
1970 7667 823 135 63
1950 7604 825 133 63
1939 7556 828 133 63
1933 7520 830 133 63
1927 7493 825 135 64
1921 7477 815 133 65
1921 7471 759 133 65
1921 7471 669 133 65
1926 7471 495 132 64
1931 7503 85 132 64
1931 7503 0 133 65
1980 7585 0 133 65
2006 7639 0 133 65
2038 7705 0 133 65
2078 7751 0 135 64
2117 7791 0 135 64
2154 7821 0 135 64
2178 7835 0 135 63
2195 7835 0 135 63
2195 7835 570 135 63
2195 7835 627 137 62
2195 7835 737 137 62
2195 7835 785 138 63
2195 7835 794 140 62
2195 7835 791 140 62
2195 7835 763 140 62
2195 7835 667 140 62
2195 7835 491 140 62
2195 7835 101 140 62
2195 7835 0 140 62
2240 7907 0 138 63
2265 7957 0 138 63
2297 8014 0 138 63
2331 8075 0 138 63
2367 8140 0 137 62
2396 8202 0 137 62
2420 8263 0 137 62
2440 8320 0 137 62
2454 8368 0 137 62
2454 8368 309 138 63
2470 8432 391 138 63
2470 8443 440 138 63
2470 8443 516 140 62
2470 8443 561 141 63
2470 8431 627 141 63
2470 8395 666 141 63
2460 8342 707 144 62
2441 8272 755 144 62
2419 8201 802 144 62
2397 8126 837 144 62
2375 8048 861 143 63
2356 7995 861 143 63
2356 7959 890 143 63
2356 7954 893 141 64
2362 7954 899 141 64
2362 7962 903 140 65
2376 7985 899 138 64
2390 8034 900 137 65
2410 8100 899 137 65
2433 8171 890 137 65
2453 8245 882 137 65
2465 8320 881 138 64
2477 8385 885 138 64
2488 8421 897 140 65
2488 8437 905 141 64
2488 8437 899 141 64
2482 8442 903 141 64
2482 8433 912 141 64
2482 8412 918 143 63
2482 8375 933 143 63
2473 8328 942 143 63
2480 8286 947 143 63
2487 8249 948 143 63
2496 8215 933 143 63
2511 8197 950 143 63
2536 8197 950 143 63
2568 8215 939 143 63
2615 8265 926 143 63
2672 8322 912 143 63
2713 8385 905 143 63
2738 8438 905 143 63
2752 8488 903 143 63
2762 8528 905 143 63
2762 8559 905 141 63
2754 8578 908 141 63
2754 8578 903 141 63
2746 8571 903 140 63
2733 8558 903 140 63
2717 8513 903 140 63
2683 8446 908 138 63
2651 8375 899 141 63
2622 8299 900 141 63
2594 8217 896 141 63
2589 8148 909 143 63
2599 8088 894 143 63
2618 8042 879 143 63
2643 8011 861 143 64
2676 7991 869 143 64
2712 7980 863 143 64
2753 7980 846 142 65
2799 7992 821 142 65
2848 8009 808 142 65
2897 8033 791 142 65
2937 8061 762 142 65
2970 8081 760 142 65
2985 8101 763 144 66
2985 8121 780 144 66
2985 8138 794 144 66
2969 8151 803 145 65
2955 8157 802 145 65
2942 8157 800 145 65
2926 8152 788 146 64
2905 8140 784 146 64
2880 8121 790 148 65
2859 8099 791 148 65
2840 8075 788 148 65
2827 8052 787 148 65
2822 8028 785 147 65
2822 8001 771 147 65
2835 7980 771 147 65
2858 7963 768 146 66
2890 7954 768 146 66
2935 7961 768 146 66
2984 7979 767 146 66
3041 8002 754 146 66
3101 8031 761 146 66
3159 8064 754 144 66
3198 8094 754 144 66
3225 8121 753 144 66
3233 8144 757 145 65
3226 8166 790 143 64
3209 8188 785 143 64
3187 8198 787 145 64
3165 8205 776 145 64
3143 8205 770 145 64
3121 8191 768 145 64
3099 8176 773 145 64
3076 8149 771 146 63
3051 8114 773 146 64
3031 8074 773 146 64
3015 8033 770 146 64
3015 8005 759 146 64
3022 7987 762 145 65
3041 7987 762 145 65
3065 8007 757 145 65
3112 8045 731 145 65
3172 8097 724 145 65
3213 8155 703 145 65
3246 8216 713 143 64
3274 8274 724 143 64
3285 8331 734 143 64
3296 8385 757 145 64
3296 8433 757 145 64
3296 8474 774 145 64
3296 8493 788 146 63
3286 8499 797 144 62
3281 8499 787 144 62
3281 8490 797 144 62
3273 8463 803 144 62
3263 8423 824 143 62
3250 8364 821 144 62
3237 8303 846 144 62
3225 8241 854 144 62
3213 8178 858 144 62
3213 8128 863 144 62
3208 8086 861 146 63
3219 8065 858 146 63
3238 8058 860 145 64
3257 8058 869 145 64
3279 8078 837 145 64
3313 8111 817 145 64
3354 8153 793 145 64
3382 8191 796 145 64
3395 8226 791 145 64
3395 8252 788 145 64
3400 8267 811 145 64
3400 8267 817 145 64
3391 8267 833 145 64
3391 8252 863 148 63
3377 8221 879 148 63
3362 8178 896 148 63
3353 8137 909 148 63
3353 8106 896 146 63
3353 8082 908 145 64
3364 8065 900 145 64
3375 8065 890 145 64
3385 8065 869 145 64
3409 8086 858 145 64
3432 8114 832 145 64
3454 8148 806 145 64
3473 8180 800 146 64
3487 8207 805 146 64
3497 8226 815 146 64
3497 8239 819 146 64
3497 8239 842 146 64
3497 8233 855 146 64
3483 8211 872 146 64
3473 8185 879 146 64
3468 8152 899 146 64
3468 8121 897 146 64
3468 8096 903 146 64
3475 8073 896 146 64
3487 8059 879 146 64
3505 8054 870 146 64
3524 8054 861 145 65
3543 8068 860 147 65
3570 8087 845 147 65
3597 8110 836 147 65
3627 8134 827 147 65
3645 8156 822 149 66
3654 8172 825 149 66
3654 8183 843 149 66
3645 8189 854 149 66
3631 8189 866 150 65
3612 8189 867 150 65
3593 8175 853 150 65
3574 8160 855 150 65
3568 8144 857 150 65
3563 8127 869 150 65
3563 8108 869 150 65
3563 8088 855 150 65
3576 8069 846 150 65
3589 8054 834 150 65
3608 8054 818 149 66
3627 8054 817 149 66
3646 8065 809 149 66
3676 8083 800 149 66
3707 8105 773 149 66
3738 8129 746 149 66
3755 8150 727 149 66
3763 8165 733 149 66
3763 8175 722 149 66
3745 8180 728 150 65
3724 8180 750 148 65
3708 8180 753 148 65
3694 8175 757 148 65
3684 8169 768 148 65
3675 8160 770 150 65
3668 8150 774 150 65
3668 8136 787 150 65
3662 8119 788 152 65
3662 8098 787 152 65
3668 8084 779 152 65
3678 8075 767 152 65
3690 8075 767 152 65
3708 8075 767 152 65
3731 8075 770 152 65
3755 8085 770 152 65
3778 8095 773 152 65
3799 8107 776 150 65
3813 8116 788 150 65
3821 8122 800 150 65
3821 8122 811 150 65
3813 8129 823 150 65
3805 8129 830 150 65
3799 8129 827 150 65
3792 8129 818 150 65
3784 8129 825 150 65
3784 8117 830 150 65
3774 8105 837 151 64
3766 8089 834 151 64
3766 8073 831 150 65
3761 8055 828 150 65
3761 8033 828 150 65
3770 8005 834 150 65
3782 7974 834 149 66
3809 7945 834 149 66
3847 7924 836 149 66
3890 7909 836 149 66
3938 7909 839 149 66
3995 7924 827 150 65
4046 7952 827 152 65
4091 7987 834 152 65
4120 8029 837 152 65
4120 8077 848 152 65
4110 8143 842 152 65
4063 8226 837 155 65
3988 8321 818 155 65
3893 8435 790 155 65
3756 8543 768 155 65
3583 8647 755 155 65
3385 8706 731 155 65
3137 8717 749 155 65
2846 8695 770 155 65
2526 8625 811 155 65
2194 8517 857 155 65
1862 8384 903 157 65
1609 8252 944 157 65
1409 8119 949 157 65
1333 7981 946 157 65
1321 7840 950 157 65
1351 7720 962 157 65
1436 7615 968 156 66
1583 7526 965 156 66
1772 7484 973 154 66
2000 7474 971 154 66
2248 7525 974 154 66
2510 7608 986 152 65
2769 7713 986 152 65
2976 7829 986 152 65
3149 7968 983 152 65
3251 8122 980 152 65
3278 8279 973 152 65
3255 8434 968 155 65
3166 8587 946 155 65
3035 8699 944 155 65
2875 8760 921 157 65
2689 8788 896 157 65
2504 8772 896 160 66
2320 8723 905 159 67
2187 8653 911 161 67
2116 8583 906 161 67
2085 8509 870 161 67
2130 8433 863 161 67
2239 8374 853 162 66
2391 8334 864 162 66
2558 8308 855 162 65
2712 8282 860 160 65
2775 8251 869 160 65
2780 8210 912 161 64
2737 8158 950 161 64
2633 8100 955 161 64
2487 8023 971 161 64
2389 7951 968 160 65
2326 7900 949 160 65
2286 7862 861 160 65
2286 7841 763 160 65
2318 7832 505 157 65
2318 7832 0 157 65
2462 7852 0 157 65
2554 7888 0 157 65
2646 7934 0 157 65
2734 7975 0 157 65
2816 8012 0 154 66
2893 8043 0 154 66
2961 8074 0 151 66
3031 8109 0 151 66
3104 8148 0 148 67
3178 8191 0 148 67
3248 8234 0 146 67
3317 8278 0 148 67
3379 8324 0 148 67
3438 8358 0 151 66
3476 8388 0 154 66
3494 8397 0 157 65
3494 8397 0 160 65
3494 8382 0 160 65
3494 8382 863 160 65
3494 8382 968 161 64
3494 8382 1023 161 64
3494 8382 1023 161 64
3494 8382 1023 161 64
3494 8382 1023 161 64
3494 8382 1023 159 64
3494 8382 1023 159 64
3494 8382 1023 161 64
3494 8382 899 161 64
