1625 8299 265 183 73
1647 8495 254 184 75
1647 8570 274 184 76
1638 8634 407 184 76
1626 8660 515 184 76
1611 8651 595 184 75
1590 8620 702 184 75
1563 8512 758 183 74
1534 8319 765 180 74
1508 8070 720 180 75
1489 7758 669 180 75
1475 7500 611 180 75
1481 7279 605 176 75
1502 7125 577 172 76
1560 7029 564 168 76
1621 6973 546 168 76
1682 6957 512 167 77
1725 6986 499 163 76
1757 7046 502 163 76
1783 7145 509 167 77
1789 7274 518 167 77
1782 7423 512 167 77
1732 7554 521 171 77
1620 7638 540 171 77
1466 7691 546 171 77
1277 7703 580 172 76
1082 7677 622 172 76
882 7625 664 168 76
793 7585 668 168 76
780 7553 670 169 75
818 7527 676 169 75
944 7499 700 169 75
1161 7505 722 169 75
1438 7534 739 169 75
1763 7576 745 169 75
2073 7628 750 170 74
2374 7688 773 170 74
2660 7742 787 170 74
2905 7795 785 170 74
3122 7824 793 170 74
3248 7837 791 170 74
3304 7837 788 166 74
3313 7837 787 166 74
3304 7832 757 166 74
3267 7832 617 163 73
3212 7832 175 163 73
3212 7832 0 163 73
2981 7820 0 164 72
2827 7813 0 164 72
2633 7804 0 167 73
2442 7789 0 168 72
2294 7763 0 169 71
2174 7731 0 172 70
2065 7693 0 172 69
1957 7656 0 170 68
1879 7620 0 171 67
1822 7589 0 168 67
1784 7561 0 167 65
1765 7555 0 166 66
1759 7555 0 164 66
1759 7555 0 161 67
1751 7555 0 158 67
1741 7550 0 158 67
1712 7535 0 154 68
1674 7509 0 155 69
1629 7477 0 158 70
1596 7442 0 159 71
1596 7442 428 162 71
1548 7385 473 164 72
1543 7376 512 164 72
1543 7370 597 167 73
1557 7370 690 170 74
1571 7380 724 170 74
1587 7411 719 173 74
1626 7465 716 170 74
1661 7535 696 170 74
1692 7612 682 170 74
1715 7697 667 169 75
1726 7788 637 173 75
1726 7862 645 173 75
1714 7900 641 173 75
1702 7913 643 177 74
1695 7899 650 177 74
1688 7846 655 177 74
1688 7766 646 177 73
1693 7662 622 177 73
1707 7559 591 177 73
1728 7459 554 177 74
1754 7402 524 177 74
1783 7370 515 177 74
1812 7370 480 177 74
1837 7397 473 173 75
1861 7449 461 173 75
1886 7539 425 173 75
1901 7643 418 173 75
1910 7756 418 173 75
1910 7861 415 173 75
1894 7917 466 177 74
1870 7940 526 176 75
1859 7932 567 176 75
1852 7889 611 176 75
1852 7822 636 176 75
1852 7729 641 176 75
1862 7630 620 176 76
1884 7524 580 176 76
1906 7419 570 176 76
1932 7360 564 176 76
1964 7329 574 176 76
2003 7338 597 176 76
2048 7390 606 172 76
2092 7471 611 172 76
2135 7583 610 172 76
2161 7725 617 168 76
2178 7886 537 172 76
2190 8069 473 172 76
2190 8227 398 173 75
2182 8369 399 176 75
2164 8505 410 176 75
2139 8561 453 177 74
2117 8561 480 180 74
2100 8527 546 180 74
2081 8423 616 180 73
2063 8275 656 180 73
2047 8094 641 180 73
2047 7892 611 180 73
2056 7677 585 180 73
2073 7547 563 180 74
2106 7478 551 180 74
2148 7450 543 177 74
2188 7468 548 176 75
2228 7521 557 176 75
2269 7597 542 173 75
2311 7699 546 173 75
2331 7796 589 173 75
2331 7848 639 173 75
2321 7872 666 176 75
2311 7872 696 176 75
2317 7842 708 177 74
2332 7799 710 176 75
2340 7737 687 176 75
2349 7672 580 176 75
2360 7623 373 176 75
2375 7585 48 176 75
2375 7585 0 176 75
2415 7603 0 176 75
2436 7650 0 176 75
2444 7717 0 176 75
2444 7811 0 176 75
2426 7922 0 176 75
2407 8000 0 177 74
2407 8000 348 177 74
2379 8056 450 176 75
2379 8056 399 176 75
2389 8050 396 176 75
2413 8022 389 176 76
2444 7980 291 172 76
2469 7910 149 172 76
2469 7910 0 171 77
2508 7705 0 171 77
2514 7600 0 172 76
2530 7528 0 172 76
2561 7479 0 176 76
2601 7471 0 176 75
2601 7471 103 176 75
2673 7542 247 180 75
2703 7601 270 180 75
2727 7682 329 180 75
2734 7778 404 180 75
2734 7859 499 177 74
2688 7914 535 176 75
2648 7952 580 176 75
2612 7958 638 176 75
2582 7931 673 176 75
2558 7883 700 176 75
2546 7803 693 180 75
2546 7712 700 180 75
2546 7615 675 180 75
2567 7540 665 180 75
2606 7497 646 180 75
2652 7475 647 180 75
2693 7475 636 180 75
2731 7507 611 180 75
2757 7554 594 176 75
2774 7632 563 176 75
2785 7717 542 173 75
2776 7808 540 173 75
2756 7871 567 173 75
2728 7896 613 169 75
2720 7896 643 170 74
2720 7876 702 170 74
2720 7828 721 170 74
2720 7762 727 170 74
2739 7684 725 170 74
2767 7618 727 170 74
2802 7560 724 170 74
2840 7530 713 169 75
2872 7524 696 169 75
2901 7534 696 169 75
2930 7568 682 169 75
2944 7627 664 169 75
2944 7703 578 169 75
2944 7786 595 169 75
2935 7845 627 169 75
2928 7888 655 173 75
2928 7888 684 173 75
2928 7873 721 173 74
2940 7838 750 173 74
2948 7773 759 173 74
2961 7708 751 173 74
2981 7655 743 173 74
3004 7612 730 173 74
3026 7597 699 173 74
3056 7611 679 169 75
3085 7644 628 169 75
3107 7702 517 169 75
3125 7774 477 169 75
3132 7856 545 169 75
3132 7892 610 169 75
3132 7898 699 173 74
3141 7883 757 173 74
3148 7849 803 173 74
3158 7804 811 173 73
3168 7753 787 173 73
3181 7708 737 173 73
3189 7675 631 173 74
3189 7649 404 173 74
3196 7649 83 173 74
3196 7649 0 173 74
3187 7726 0 173 74
3161 7799 0 170 74
3115 7905 0 170 74
3056 8034 0 170 74
2978 8174 0 170 74
2893 8310 0 170 74
2803 8402 0 170 74
2803 8402 184 170 74
2721 8468 449 170 73
2721 8451 407 170 73
2729 8432 449 170 73
2744 8332 486 170 73
2768 8191 520 170 73
2793 8022 475 170 73
2809 7787 367 170 73
2817 7548 185 170 73
2823 7348 1 170 74
2857 7176 10 170 74
2909 7081 149 169 75
2979 7034 294 168 76
3050 7018 418 167 77
3123 7050 514 163 76
3187 7119 588 163 76
3244 7212 586 163 76
3299 7359 570 163 76
3345 7551 491 163 76
3385 7774 415 163 76
3410 8012 274 168 76
3410 8227 270 168 76
3397 8427 256 169 75
3369 8582 322 170 74
3344 8667 422 173 74
3329 8706 450 173 74
3329 8697 516 173 73
3340 8629 589 173 73
3340 8522 661 173 73
3340 8347 676 173 73
3353 8167 673 173 73
3353 7972 664 173 73
3347 7768 627 173 74
3363 7639 611 173 74
3395 7565 610 173 74
3438 7528 614 173 74
3469 7535 610 169 75
3501 7580 606 169 75
3534 7651 586 169 75
3565 7761 453 165 75
3584 7894 440 169 75
3594 8043 265 170 74
3575 8154 415 170 74
3559 8200 497 173 74
3545 8200 584 173 74
3545 8168 696 177 74
3555 8094 739 177 73
3568 7993 782 180 74
3586 7866 796 180 74
3632 7766 797 180 74
3696 7683 797 180 74
3752 7622 783 177 74
3794 7595 785 176 75
3826 7590 777 176 75
3847 7611 740 173 75
3869 7668 703 173 75
3874 7750 639 173 75
3868 7852 443 169 75
3838 7954 392 169 75
3798 8027 460 173 74
3752 8080 556 173 74
3728 8088 640 177 74
3720 8075 742 177 74
3720 8049 824 180 74
3720 7994 860 180 74
3729 7923 875 180 74
3742 7842 872 180 74
3764 7775 853 180 74
3793 7741 845 177 74
3827 7728 817 177 74
3846 7728 783 173 74
3855 7748 758 173 74
3869 7786 687 170 74
3880 7854 567 170 74
3880 7944 428 170 74
3873 8048 353 170 74
3829 8107 335 173 74
3760 8133 449 173 74
3674 8133 563 173 74
3647 8119 633 177 73
3634 8086 736 177 73
3634 8043 815 180 74
3634 7985 825 180 74
3664 7915 837 180 74
3710 7838 843 180 74
3785 7765 846 180 74
3861 7716 854 177 74
3940 7683 864 173 74
4008 7665 857 170 74
4069 7665 873 170 74
4100 7676 891 170 74
4131 7700 929 166 74
4153 7724 951 166 74
4169 7760 947 166 74
4187 7804 956 170 74
4197 7847 958 170 74
4202 7906 955 170 74
4195 7975 938 173 73
4165 8052 939 173 73
4119 8143 905 173 73
4025 8244 909 177 73
3870 8336 902 177 73
3674 8398 920 180 73
3401 8440 950 180 74
3058 8445 977 180 74
2667 8399 1008 180 74
2244 8318 1023 180 74
1826 8217 1023 180 74
1546 8100 1023 180 75
1355 7972 1023 180 75
1330 7862 1023 180 75
1424 7766 1018 180 75
1597 7679 1023 180 75
1891 7633 1017 180 75
2239 7639 999 180 75
2622 7681 973 180 75
3001 7752 930 180 75
3289 7834 892 176 75
3517 7924 905 176 75
3561 7953 939 177 74
3497 7948 950 177 74
3362 7921 983 177 74
3164 7856 1023 177 74
2967 7760 1023 180 74
2863 7644 1023 180 73
2821 7541 1023 180 73
2846 7462 1023 180 73
2931 7398 1023 180 73
3055 7375 1023 183 72
3196 7375 1023 183 72
3334 7394 1023 180 72
3431 7421 1023 180 73
3502 7430 1023 180 73
3502 7430 1023 180 73
3502 7430 1023 177 73
3485 7424 953 177 74
3463 7424 808 173 74
3437 7412 473 173 74
