2764 8244 108 180 58
2676 8234 412 182 58
2654 8234 465 182 57
2649 8240 522 183 57
2649 8233 570 183 57
2657 8224 624 185 57
2673 8213 688 185 57
2731 8193 754 185 57
2816 8172 794 184 56
2942 8160 824 183 56
3110 8160 852 183 56
3305 8169 853 181 56
3503 8197 864 181 56
3657 8236 869 180 56
3782 8267 863 180 56
3804 8305 815 180 55
3724 8348 791 180 55
3575 8388 787 181 55
3331 8410 826 181 55
3085 8419 834 181 55
2837 8406 842 181 55
2654 8392 857 181 55
2581 8355 864 181 55
2581 8304 881 183 56
2637 8213 899 184 56
2759 8117 918 184 56
2925 8009 915 184 56
3117 7896 893 184 56
3303 7811 869 184 56
3402 7744 806 184 56
3445 7689 759 183 56
3346 7659 760 183 56
3093 7650 820 181 56
2738 7650 888 182 57
2306 7682 923 180 57
1871 7714 958 180 58
1434 7748 991 182 58
1140 7794 1023 180 59
1023 7840 1023 180 59
1023 7885 1023 180 60
1218 7929 1023 180 60
1585 7985 1023 180 60
2067 8010 1023 180 60
2613 8015 1023 182 60
3096 8005 986 182 59
3537 7983 899 183 58
3840 7953 806 185 58
3979 7931 727 185 57
4008 7931 737 184 56
3877 7944 770 184 56
3562 7989 814 184 56
3125 8052 917 184 55
2635 8126 995 184 55
2223 8187 949 183 56
1862 8231 921 183 56
1575 8265 924 183 56
1434 8295 905 185 57
1390 8301 787 185 58
1429 8291 592 185 58
1429 8291 0 185 59
1760 8271 0 185 59
2005 8278 0 183 59
2243 8297 0 183 59
2475 8305 0 183 59
2650 8315 0 183 59
2761 8309 0 183 59
2830 8293 0 183 58
2845 8335 0 182 58
2827 8335 0 180 58
2787 8316 0 177 57
2725 8300 0 175 57
2660 8280 0 172 57
2594 8252 0 172 58
2538 8224 0 172 58
2511 8195 0 174 58
2503 8195 0 175 58
2489 8201 0 177 58
2474 8216 0 178 58
2457 8233 0 180 58
2457 8233 0 182 58
2457 8233 0 182 58
2457 8227 0 182 58
2432 8216 0 180 58
2396 8203 0 180 58
2350 8193 0 180 58
2292 8185 0 180 58
2237 8179 0 180 59
2186 8179 0 180 59
2151 8179 0 180 59
2125 8179 0 180 59
2100 8179 0 180 59
2072 8179 0 180 59
2043 8173 0 180 59
2013 8173 0 182 59
1984 8178 0 182 59
1962 8178 0 182 59
1945 8178 0 182 59
1945 8173 0 182 59
1955 8168 0 180 59
1972 8168 0 180 59
1994 8158 0 180 59
2012 8149 0 180 60
2027 8143 0 180 60
2041 8143 0 180 60
2059 8143 0 180 60
2080 8132 0 180 60
2106 8127 0 180 60
2136 8127 0 180 60
2168 8120 0 180 60
2182 8120 0 180 60
2182 8120 0 180 60
2182 8131 0 180 60
2182 8140 0 180 60
2187 8149 0 180 60
2199 8154 0 180 60
2228 8160 0 180 60
2268 8167 0 180 60
2310 8179 0 180 60
2352 8191 0 180 60
2376 8203 0 180 59
2387 8214 0 180 59
2380 8222 0 180 59
2367 8222 0 180 58
2351 8222 0 180 58
2335 8222 0 180 58
2323 8222 0 180 58
2317 8212 0 180 58
2317 8212 0 180 58
2326 8212 0 180 57
2333 8212 0 180 57
2339 8212 0 180 57
2349 8220 0 180 57
2361 8220 0 180 57
2376 8226 0 180 57
2376 8226 345 180 57
2376 8226 399 180 57
2401 8243 448 180 57
2401 8243 538 182 57
2401 8243 589 182 57
2401 8222 641 182 57
2371 8192 702 181 56
2331 8127 736 183 56
2298 8061 763 183 56
2298 8002 768 183 56
2318 7948 817 183 56
2363 7922 858 183 56
2422 7922 909 183 56
2490 7942 903 183 56
2553 7998 918 183 55
2597 8052 924 183 55
2627 8104 915 183 55
2634 8137 917 183 55
2639 8157 906 184 55
2639 8168 897 184 55
2649 8177 887 184 55
2649 8177 855 184 55
2660 8177 827 184 55
2668 8152 828 184 55
2668 8117 833 184 55
2668 8071 858 184 55
2668 8024 873 184 55
2684 7976 893 184 55
2713 7946 914 183 55
2770 7927 933 183 55
2842 7936 930 181 55
2925 7967 935 180 55
2989 8013 935 180 55
3026 8055 921 179 55
3045 8101 905 177 56
3045 8151 891 177 56
3050 8185 887 177 56
3050 8195 878 177 56
3050 8188 878 177 56
3050 8168 881 177 56
3050 8138 885 177 56
3045 8102 905 177 56
3057 8063 892 177 56
3102 8025 909 177 56
3170 7988 867 177 56
3275 7969 676 177 56
3275 7969 0 177 56
3411 7983 0 177 56
3379 8022 0 177 57
3305 8074 0 177 57
3202 8117 0 177 57
3085 8159 0 177 58
3006 8176 0 175 58
2951 8176 0 173 59
2907 8208 0 173 59
2866 8217 0 172 59
2838 8211 0 170 59
2818 8205 0 170 59
2799 8205 0 168 58
2781 8205 0 170 59
2754 8198 0 170 58
2720 8198 0 172 58
2677 8198 0 174 58
2639 8198 0 175 58
2624 8216 0 177 58
2624 8236 0 177 58
2643 8271 0 178 57
2685 8326 0 178 57
2739 8394 0 180 57
2791 8447 0 180 57
2791 8447 396 180 56
2828 8476 428 180 56
2821 8481 450 180 56
2803 8468 584 180 56
2777 8443 679 179 55
2718 8387 771 179 55
2640 8295 884 179 55
2550 8180 945 179 55
2454 8024 940 179 55
2369 7866 946 179 55
2291 7765 947 179 56
2261 7704 946 179 56
2255 7681 938 180 56
2265 7681 903 180 57
2275 7698 730 180 57
2305 7766 435 178 58
2305 7766 0 178 58
2403 7901 0 178 58
2454 7968 0 177 58
2501 8052 0 177 58
2561 8148 0 177 58
2625 8220 0 177 58
2692 8354 0 177 58
2772 8530 0 177 58
2852 8650 0 175 57
2928 8697 0 174 56
2952 8697 0 173 56
2946 8679 0 173 55
2946 8679 562 173 55
2865 8608 628 171 55
2830 8608 647 171 55
2818 8599 703 171 56
2811 8581 762 173 56
2811 8573 799 173 56
2823 8573 863 172 57
2861 8573 894 172 57
2917 8590 924 172 57
2980 8619 940 172 57
3000 8654 955 172 57
2992 8682 937 174 58
2943 8710 942 174 58
2872 8720 939 174 58
2786 8720 909 174 58
2751 8707 821 174 58
2751 8677 675 173 59
2769 8633 41 173 59
