1747 8312 22 147 53
1747 8312 104 147 53
1747 8312 165 147 53
1747 8312 218 147 53
1747 8312 244 147 53
1739 8341 270 147 53
1739 8341 304 147 53
1732 8341 341 146 53
1721 8341 354 146 53
1705 8328 343 146 53
1661 8297 344 145 53
1605 8253 319 145 53
1540 8197 305 145 53
1464 8124 307 145 53
1391 8041 307 143 53
1320 7960 314 142 53
1289 7904 316 142 53
1283 7866 301 141 52
1294 7839 307 140 52
1334 7829 322 140 52
1425 7829 354 140 52
1550 7861 379 138 51
1746 7933 420 140 52
1986 8033 463 140 52
2254 8149 472 141 52
2591 8278 477 143 52
2928 8417 491 145 53
3263 8550 491 146 53
3508 8641 478 147 53
3695 8703 465 147 53
3776 8721 333 148 54
3787 8721 160 147 55
3787 8721 0 147 55
3663 8689 0 147 55
3569 8673 0 147 55
3470 8673 0 146 54
3415 8684 0 146 54
3366 8684 0 146 54
3329 8709 0 147 53
3307 8747 0 147 52
3294 8714 0 148 51
3192 8687 0 148 50
3070 8665 0 147 49
2934 8592 0 146 48
2728 8497 0 145 47
2538 8388 0 144 47
2358 8296 0 143 46
2213 8222 0 142 47
2118 8159 0 140 48
2056 8133 0 137 48
2030 8125 0 136 50
2020 8125 0 135 51
2020 8131 0 134 52
2020 8131 0 133 53
2004 8125 0 133 53
1984 8113 0 133 53
1957 8101 0 133 53
1930 8090 0 133 53
1904 8085 0 133 53
1888 8085 0 134 54
1875 8092 0 134 54
1868 8104 0 135 54
1868 8119 0 135 54
1862 8130 0 135 54
1855 8136 0 137 54
1846 8136 0 137 54
1831 8128 0 139 55
1810 8116 0 139 55
1810 8116 6 139 55
1765 8075 91 139 55
1744 8053 137 140 54
1724 8020 155 140 54
1724 7992 160 140 54
1724 7968 168 140 54
1744 7952 182 140 54
1766 7952 198 139 54
1794 7957 217 139 54
1830 7986 230 139 54
1863 8021 233 139 54
1894 8061 218 139 54
1909 8091 203 139 54
1909 8119 190 137 53
1909 8128 173 137 53
1887 8128 181 139 52
1866 8106 214 139 52
1843 8074 233 139 52
1837 8034 255 139 52
1837 8002 276 139 52
1851 7983 306 139 52
1876 7974 317 139 52
1917 7986 324 139 52
1969 8021 315 139 52
2028 8071 299 139 52
2069 8113 282 139 52
2082 8152 250 139 52
2077 8172 242 139 52
2066 8180 247 139 52
2050 8174 247 139 52
2030 8156 275 139 52
2020 8130 309 139 52
2012 8103 333 139 52
2020 8079 354 140 52
2038 8067 361 139 52
2059 8062 371 139 52
2097 8083 372 139 52
2146 8116 361 139 52
2175 8156 364 139 52
2194 8189 332 139 52
2206 8217 319 139 52
2206 8233 289 140 53
2197 8241 289 140 53
2187 8230 301 141 52
2174 8207 334 141 52
2166 8184 371 141 52
2166 8156 417 141 52
2173 8136 446 141 52
2184 8122 467 141 52
2202 8122 491 141 52
2234 8144 504 141 52
2277 8182 496 141 52
2312 8229 498 141 52
2337 8273 439 141 52
2355 8316 427 141 52
2361 8347 412 141 52
2361 8356 404 141 52
2353 8350 417 141 52
2344 8330 431 141 52
2337 8305 465 141 52
2331 8272 481 141 52
2331 8242 501 141 52
2337 8222 509 141 52
2348 8207 502 141 52
2362 8207 504 141 52
2394 8235 490 141 52
2438 8278 465 141 52
2486 8348 475 141 52
2533 8422 514 141 52
2564 8500 541 140 53
2584 8561 563 140 53
2584 8592 569 140 53
2584 8603 468 140 53
2584 8603 0 140 54
2584 8594 0 140 54
2577 8589 0 140 54
2568 8589 0 140 54
2576 8589 0 141 55
2614 8636 0 141 53
2671 8655 0 141 53
2735 8655 0 141 52
2798 8679 0 140 51
2860 8694 0 140 50
2898 8702 0 138 48
2911 8702 0 138 47
2911 8685 0 136 46
2889 8656 0 136 45
2855 8627 0 135 45
2811 8597 0 135 45
2774 8568 0 136 46
2724 8541 0 136 47
2664 8516 0 136 48
2620 8485 0 137 48
2581 8455 0 138 50
2565 8427 0 138 51
2565 8427 42 138 51
2565 8427 129 139 52
2613 8495 173 139 52
2668 8554 285 140 53
2742 8616 344 140 53
2796 8650 392 139 54
2850 8668 423 139 54
2888 8659 450 139 54
2916 8621 504 139 54
2916 8563 537 139 54
2896 8474 564 139 54
2853 8383 586 137 53
2786 8287 595 137 53
2706 8184 586 139 52
2616 8104 538 139 52
2577 8039 361 139 52
2569 8012 141 139 52
2569 8012 0 140 52
2620 8083 0 140 52
2659 8161 0 139 52
2698 8238 0 140 53
2729 8309 0 140 53
2757 8373 0 140 53
2782 8429 0 141 52
2807 8482 0 141 52
2832 8533 0 141 52
2851 8561 0 142 53
2867 8568 0 142 53
2867 8568 173 141 53
2898 8542 220 141 53
2883 8522 317 141 53
2847 8485 402 141 53
2826 8436 461 140 53
2808 8396 468 140 53
2808 8373 440 140 53
2813 8361 428 139 52
2828 8361 397 139 52
2856 8395 340 140 52
2892 8443 289 138 51
2916 8502 276 138 51
2938 8551 287 137 52
2959 8594 273 137 52
2978 8616 273 139 52
2986 8616 284 137 53
2986 8610 312 137 53
2981 8576 334 137 53
2965 8536 405 137 53
2942 8485 473 137 53
2936 8453 486 137 53
2936 8435 489 137 53
2950 8435 510 137 53
2983 8464 489 139 52
3028 8502 477 139 52
3085 8553 469 139 52
3136 8599 458 139 52
3174 8624 453 139 52
3205 8637 453 139 52
3231 8637 456 139 54
3247 8637 466 139 54
3255 8625 467 139 54
3255 8616 488 140 54
3261 8605 505 140 54
3261 8593 512 140 54
3261 8593 522 140 54
3261 8593 515 140 54
3303 8576 494 140 54
3335 8586 490 141 53
3372 8595 483 141 53
3391 8595 483 141 53
3397 8587 501 142 54
3383 8553 515 142 54
3330 8504 520 142 54
3252 8426 509 142 54
3107 8330 502 142 54
2913 8222 518 143 53
2685 8081 569 143 53
2417 7942 614 143 53
2232 7805 622 143 53
2102 7752 591 141 53
2102 7752 592 141 53
2199 7794 631 141 53
2358 7884 663 140 53
2616 8025 753 141 53
2940 8201 802 141 53
3308 8358 768 142 54
3667 8511 595 142 54
