2347 8513 183 130 65
2347 8513 344 130 65
2347 8513 418 129 64
2347 8513 545 129 64
2318 8525 636 129 64
2318 8520 662 129 64
2318 8520 693 130 65
2330 8520 728 132 64
2379 8520 753 132 64
2452 8526 771 132 64
2534 8535 771 133 65
2619 8548 771 133 65
2720 8563 767 133 65
2830 8580 750 133 65
2922 8597 750 133 65
2987 8610 757 130 65
3034 8617 763 130 65
3047 8617 759 130 65
3041 8617 780 129 64
3023 8605 799 129 64
2988 8587 817 129 64
2922 8533 845 129 64
2836 8456 870 129 64
2728 8379 915 130 65
2597 8284 924 130 65
2450 8177 936 132 64
2317 8065 935 132 64
2250 7998 918 132 64
2227 7960 899 132 64
2258 7950 881 132 64
2286 7950 853 130 65
2312 7950 842 130 65
2366 7974 823 130 65
2436 8032 788 128 65
2517 8111 759 128 65
2603 8186 763 128 65
2685 8237 763 128 65
2735 8273 757 128 65
2764 8273 794 130 65
2774 8273 821 132 65
2774 8261 854 132 65
2764 8241 881 133 65
2748 8205 894 133 65
2732 8159 903 133 65
2732 8137 912 133 65
2745 8120 915 133 65
2786 8107 915 133 65
2849 8115 915 133 65
2927 8150 912 133 65
3029 8203 903 133 65
3132 8267 905 133 65
3232 8331 882 132 65
3329 8396 864 130 65
3404 8450 851 130 65
3458 8483 848 130 65
3497 8501 852 129 64
3502 8501 863 129 64
3502 8501 892 129 64
3492 8485 951 129 64
3459 8458 982 129 64
3387 8395 1023 129 64
3290 8300 1023 130 65
3175 8185 1023 130 65
3033 8036 1023 130 65
2873 7867 1023 130 65
2723 7686 1023 130 65
2650 7584 947 130 65
2629 7546 591 130 65
