1350 7655 468 137 65
1350 7655 447 135 64
1332 7624 443 133 65
1326 7612 466 130 65
1326 7595 526 129 64
1326 7576 631 125 64
1326 7581 722 122 63
1341 7606 793 122 63
1374 7645 821 122 63
1421 7729 858 122 63
1496 7841 876 122 63
1589 7973 896 122 63
1695 8110 906 124 64
1821 8248 909 124 64
1951 8384 908 124 64
2089 8508 908 127 64
2191 8586 897 127 64
2269 8634 881 127 64
2308 8644 855 125 65
2325 8625 861 126 66
2325 8586 873 126 66
2302 8510 882 126 66
2241 8403 891 126 66
2157 8276 906 126 66
2023 8134 906 126 66
1867 7987 924 126 66
1697 7831 940 128 65
1503 7691 977 127 64
1314 7562 1009 127 64
1162 7459 1023 127 64
1034 7398 1023 125 64
1014 7365 1023 124 63
1080 7379 1023 124 63
1202 7451 1023 124 63
1416 7561 1023 123 62
1710 7717 1018 123 62
2057 7907 1018 124 63
2395 8121 1023 124 63
2693 8291 1018 125 64
2964 8431 979 127 63
3147 8551 927 129 64
3233 8603 751 129 64
3253 8603 281 129 64
3253 8603 0 129 64
3092 8517 0 129 64
2929 8454 0 129 64
2750 8385 0 129 64
2552 8313 0 129 64
2341 8238 0 127 64
2151 8153 0 127 64
1985 8085 0 124 64
1836 8028 0 120 64
1725 7966 0 117 63
1650 7916 0 115 63
1600 7874 0 114 62
1600 7853 0 114 61
1634 7853 0 115 60
1696 7868 0 116 58
1768 7892 0 119 58
1851 7915 0 122 57
1941 7936 0 125 56
2039 7954 0 126 57
2129 7976 0 126 57
2214 8003 0 123 58
2261 8013 0 121 59
2271 8007 0 118 60
2256 7990 0 113 61
2223 7968 0 110 63
2182 7944 0 108 63
2136 7917 0 106 63
2076 7890 0 108 63
2018 7872 0 110 63
1969 7862 0 114 62
1930 7857 0 117 61
1914 7851 0 119 61
1914 7846 0 121 59
1914 7846 0 123 59
1914 7846 0 123 59
1914 7852 0 124 58
1914 7852 0 123 59
1923 7852 0 124 60
1933 7839 0 122 60
1906 7823 0 122 60
1906 7823 0 122 61
1906 7823 141 122 61
1913 7858 304 123 62
1913 7879 379 123 62
1929 7901 440 123 62
1946 7944 520 123 62
1969 7987 588 123 62
2002 8031 616 123 62
2040 8059 631 123 62
2074 8086 638 123 62
2089 8112 650 123 62
2089 8107 652 123 62
2089 8100 659 122 61
2089 8090 655 122 61
2075 8079 661 123 62
2065 8045 667 123 62
2053 7997 662 123 62
2040 7975 659 121 63
2045 7949 647 120 62
2052 7932 646 120 62
2066 7923 658 120 62
2087 7929 673 118 62
2117 7958 678 118 62
2152 8002 696 118 62
2186 8055 700 119 63
2217 8103 700 119 63
2238 8131 703 121 63
2243 8148 700 122 63
2238 8148 697 122 63
2238 8148 691 124 63
2238 8139 696 124 63
2233 8139 682 124 63
2233 8139 673 126 62
2233 8132 667 126 62
2233 8123 669 126 62
2228 8108 667 126 62
2228 8094 664 124 63
2223 8080 671 124 63
2223 8080 673 124 63
2234 8080 666 124 63
2247 8087 673 124 63
2271 8114 675 124 63
2309 8154 676 124 63
2357 8198 673 124 63
2385 8235 675 124 63
2398 8260 670 124 63
2398 8270 673 124 63
2398 8270 670 126 62
2385 8270 653 126 62
2366 8254 643 126 62
2340 8223 640 126 62
2317 8181 641 126 62
2311 8159 643 126 62
2311 8151 653 126 62
2327 8146 671 126 62
2350 8146 675 126 62
2380 8158 687 126 62
2411 8181 693 126 62
2439 8216 700 126 62
2455 8258 687 126 62
2465 8284 675 126 62
2465 8314 667 127 63
2465 8347 667 127 63
2465 8366 668 127 63
2465 8366 671 127 63
2472 8353 670 127 63
2472 8346 664 127 63
2481 8337 670 127 63
2481 8324 675 127 63
2481 8287 678 127 63
2481 8236 679 127 63
2460 8167 673 127 63
2431 8086 666 127 63
2396 7998 671 125 64
2367 7897 671 125 64
2352 7822 671 125 64
2347 7796 670 124 64
2347 7796 682 124 64
2353 7815 682 122 63
2363 7869 684 122 63
2379 7946 684 122 63
2404 8021 675 122 63
2433 8094 675 122 63
2463 8162 678 122 63
2490 8213 678 122 63
2515 8252 678 124 64
2532 8293 676 124 64
2545 8325 670 125 64
2545 8342 663 125 64
2545 8342 671 125 64
2545 8337 668 125 64
2538 8320 665 125 64
2526 8281 661 125 64
2511 8228 652 125 64
2499 8193 650 125 64
2491 8167 647 125 64
2491 8148 646 125 64
2506 8148 659 125 64
2520 8156 671 125 64
2537 8173 682 125 64
2561 8215 691 125 64
2591 8257 693 125 64
2620 8297 699 125 64
2644 8337 697 125 64
2670 8386 699 125 64
2697 8441 694 125 64
2729 8511 699 125 64
2766 8581 696 125 64
2783 8652 699 122 63
2783 8688 708 122 63
2783 8706 707 122 63
2768 8711 700 120 64
2753 8706 699 120 64
2738 8683 696 119 63
2723 8648 696 119 63
2711 8605 697 119 63
2702 8547 700 119 63
2697 8480 700 119 63
2697 8417 697 118 62
2702 8367 687 118 62
2702 8325 647 120 62
2709 8297 564 119 61
2709 8285 316 119 61
2709 8285 0 120 60
2718 8301 0 122 61
2711 8331 0 122 61
2699 8371 0 122 61
2687 8400 0 122 61
2678 8427 0 122 61
2698 8452 0 122 61
2737 8463 0 122 61
2775 8463 0 122 61
2813 8463 0 120 60
2839 8463 0 120 60
2855 8447 0 120 60
2855 8447 279 120 60
2839 8419 277 122 61
2816 8408 302 123 62
2809 8397 314 124 63
2804 8384 342 125 64
2804 8368 366 125 64
2804 8368 427 127 64
2804 8368 510 127 64
2809 8377 543 127 64
2809 8383 543 127 64
2809 8395 440 127 64
2809 8411 10 127 64
2809 8411 0 127 64
2804 8443 0 127 64
2804 8465 0 127 64
2831 8497 0 125 64
2870 8542 0 124 63
2925 8591 0 123 62
2983 8644 0 122 61
3050 8690 0 120 60
3084 8721 0 120 60
3096 8742 0 119 60
3096 8742 553 119 60
3063 8769 513 119 61
3020 8776 529 119 61
2995 8769 542 119 61
2965 8741 586 118 62
2927 8698 585 119 63
2885 8643 594 119 63
2872 8587 589 120 64
2865 8528 585 120 64
2865 8480 583 120 64
2889 8441 578 120 64
2924 8427 577 120 64
2968 8433 577 120 64
3014 8452 586 122 63
3063 8485 595 122 63
3110 8522 591 122 63
3124 8561 588 121 63
3115 8602 614 121 63
3093 8612 614 121 63
3064 8601 627 121 63
3031 8588 670 121 63
2996 8571 693 121 63
2982 8549 700 121 63
2982 8533 700 121 63
2998 8527 664 121 63
3017 8527 543 121 63
3052 8533 95 121 63
3052 8533 0 121 63
3140 8588 0 121 63
3153 8620 0 121 63
3147 8645 0 121 63
3142 8659 0 121 63
3136 8671 0 121 63
3136 8679 0 120 62
3148 8669 0 122 61
3173 8648 0 122 61
3193 8610 0 122 60
3207 8557 0 124 60
3217 8495 0 124 60
3233 8441 0 125 59
3251 8399 0 125 59
3243 8366 0 126 60
3216 8307 0 126 60
3156 8233 0 128 61
3156 8233 473 127 62
2921 8058 220 129 63
2777 7969 29 129 63
2777 7969 0 129 64
2398 7779 0 129 64
2398 7779 353 128 65
2031 7599 562 128 65
1892 7552 678 130 66
1827 7530 760 130 66
1822 7537 770 130 66
1857 7564 790 131 67
1966 7633 815 131 67
2162 7727 829 133 66
2416 7838 824 135 67
2711 7971 831 135 67
3002 8102 832 135 67
3291 8200 796 137 66
3526 8277 758 137 66
3651 8313 714 137 66
3703 8302 745 137 66
3626 8260 785 137 66
3435 8168 908 138 65
3169 8037 1018 137 66
2860 7880 1023 137 66
2608 7754 1023 135 65
2393 7679 1023 135 65
2317 7637 1023 135 65
2336 7644 1023 133 66
2418 7700 984 133 66
2599 7789 950 135 67
2863 7928 855 135 67
3182 8073 619 135 67
