1510 7393 61 152 62
1519 7471 170 150 62
1519 7479 244 147 62
1519 7502 282 146 62
1536 7548 379 143 62
1564 7609 448 143 62
1598 7685 472 143 62
1638 7788 492 141 61
1688 7908 512 141 61
1743 8060 507 141 61
1799 8208 504 141 61
1854 8350 515 142 61
1890 8441 551 142 61
1912 8498 581 144 60
1921 8508 588 144 60
1921 8489 591 144 60
1911 8450 594 145 59
1878 8334 595 145 59
1836 8177 614 145 59
1788 7993 624 145 59
1788 7869 646 145 59
1794 7790 662 144 60
1799 7741 700 144 60
1804 7719 742 142 61
1811 7710 767 142 61
1811 7710 774 141 61
1811 7724 771 141 61
1792 7774 771 141 61
1754 7847 759 141 61
1701 7938 767 141 61
1603 8040 776 143 62
1508 8149 793 143 62
1415 8211 800 143 62
1332 8246 806 144 61
1251 8263 805 144 61
1175 8256 806 144 61
1127 8244 787 145 60
1098 8224 758 144 60
1114 8198 761 144 60
1204 8167 767 144 60
1342 8138 793 142 59
1584 8138 817 144 60
1886 8144 830 144 60
2227 8152 860 144 60
2582 8173 881 146 60
2929 8202 888 148 60
3245 8215 861 151 60
3543 8225 846 151 60
3771 8230 819 153 59
3899 8230 805 153 59
3961 8223 794 153 59
3961 8218 767 153 58
3857 8209 737 153 58
3693 8195 687 153 58
3407 8170 636 151 58
3047 8127 673 151 58
2638 8072 725 151 58
2241 8006 762 151 58
1886 7937 797 150 58
1559 7863 805 150 58
1357 7803 808 149 59
1243 7753 799 149 59
1188 7721 796 146 60
1204 7691 800 145 60
1297 7663 817 144 60
1442 7663 840 142 61
1709 7680 863 142 61
2031 7717 863 142 61
2390 7774 876 142 61
2741 7829 866 142 61
3041 7879 845 144 61
3308 7923 791 145 60
3495 7949 703 147 61
3600 7965 556 147 61
3650 7956 391 148 60
3615 7942 156 148 60
3491 7904 1 148 60
3308 7852 61 148 60
3107 7801 134 148 60
2929 7748 112 148 60
2767 7687 93 146 60
2620 7622 122 146 60
2505 7566 141 146 60
2411 7516 202 144 60
2355 7490 294 144 60
2333 7483 334 144 60
2333 7489 354 144 60
2361 7515 409 144 60
2420 7578 461 144 60
2501 7665 522 144 60
2597 7778 578 144 60
2696 7921 628 142 61
2785 8085 630 142 61
2866 8274 620 142 61
2937 8483 581 142 61
3008 8706 574 144 60
3042 8877 603 144 60
3052 8964 616 144 60
3040 8994 620 145 59
3029 8994 606 146 58
3017 8919 605 146 58
2963 8801 577 147 58
2882 8551 486 147 58
2789 8293 448 147 58
2749 8029 468 146 58
2744 7903 496 144 58
2789 7838 519 143 59
2833 7814 546 141 59
2876 7819 572 141 59
2931 7863 591 138 59
2998 7933 616 138 59
3074 8063 616 138 59
3133 8222 633 138 59
3189 8400 614 138 59
3243 8619 627 141 59
3285 8748 678 141 59
3296 8818 702 142 59
3287 8818 693 142 59
3262 8747 702 145 59
3188 8639 678 145 59
3082 8404 622 145 59
2979 8177 616 145 59
2959 7956 633 145 59
2995 7862 653 142 59
3035 7817 708 142 59
3079 7806 757 141 59
3128 7830 800 141 59
3180 7907 834 139 60
3226 8020 851 138 59
3253 8133 833 139 60
3267 8251 834 139 60
3290 8372 855 141 59
3312 8433 869 142 59
3323 8449 860 143 59
3323 8436 852 145 59
3352 8394 842 146 58
3400 8320 824 146 58
3463 8225 818 147 59
3558 8150 808 149 58
3657 8090 805 147 59
3764 8040 805 147 59
3835 8004 803 147 59
3882 7981 811 145 59
3882 7967 818 145 59
3849 7949 824 143 59
3789 7909 828 143 59
3639 7854 830 141 59
3428 7786 830 141 59
3176 7700 809 141 59
2900 7603 805 141 59
2625 7496 815 141 59
2350 7389 836 141 59
2116 7311 846 141 59
1978 7254 827 139 60
1903 7233 830 139 60
1886 7233 814 139 60
1894 7250 788 139 60
1918 7289 780 139 60
1986 7376 779 139 60
2089 7496 751 139 60
2214 7617 758 138 60
2329 7695 758 138 60
2402 7744 757 139 61
2446 7750 737 139 61
2465 7737 730 139 61
2465 7711 736 141 61
2452 7646 754 141 61
2430 7582 750 141 61
2410 7524 760 141 61
2395 7490 776 141 61
2395 7469 777 141 61
2401 7456 773 141 61
2410 7456 776 142 61
2438 7462 771 142 61
2479 7486 771 142 61
2533 7537 774 142 61
2582 7607 776 142 61
2628 7684 777 142 61
2666 7759 785 142 61
2695 7833 793 142 61
2718 7850 803 141 60
2718 7845 799 141 60
2718 7825 800 141 60
2709 7775 797 139 60
2700 7711 791 139 60
2708 7639 793 138 59
2726 7594 787 138 59
2752 7564 788 136 58
2780 7544 785 136 58
2812 7544 783 136 58
2845 7568 785 136 58
2884 7607 788 136 58
2914 7649 806 136 58
2937 7685 821 135 59
2950 7718 858 135 59
2963 7729 864 135 59
2975 7723 873 135 59
2989 7707 882 136 60
3010 7675 873 136 60
3042 7643 863 136 60
3074 7620 845 136 60
3105 7604 761 136 60
3130 7604 613 136 60
3130 7604 0 136 60
3180 7680 0 136 60
3167 7753 0 138 59
3118 7839 0 138 59
3045 7935 0 138 59
2937 8062 0 138 59
2806 8196 0 138 59
2660 8336 0 138 59
2542 8452 0 138 59
2447 8504 0 141 59
2368 8514 0 142 59
2368 8514 754 143 59
2287 8465 771 145 59
2287 8519 776 146 58
2341 8530 797 147 59
2473 8551 854 149 59
2657 8579 930 149 59
2905 8606 958 149 59
3153 8628 989 149 59
3398 8648 995 149 59
3602 8669 994 149 59
3782 8689 980 149 59
3894 8702 926 149 59
3961 8702 760 147 59
3997 8702 400 147 59
