1124 7351 61 124 60
1124 7351 172 123 59
1124 7351 277 121 58
1124 7351 381 120 57
1148 7388 460 119 56
1161 7412 565 118 56
1183 7460 647 117 56
1214 7533 691 116 55
1251 7624 724 116 55
1294 7740 743 116 55
1345 7905 763 116 55
1418 8103 751 117 56
1504 8306 755 118 56
1589 8508 743 118 56
1642 8631 750 119 56
1674 8702 768 122 57
1669 8687 759 122 57
1639 8621 760 123 58
1591 8522 722 124 57
1537 8359 693 126 58
1504 8227 693 126 58
1486 8115 696 126 58
1476 8027 694 124 57
1470 7967 700 124 57
1470 7926 681 123 58
1478 7911 656 122 57
1490 7911 646 122 57
1508 7928 645 120 57
1538 7974 645 120 57
1564 8029 641 120 57
1587 8090 628 120 57
1614 8159 616 120 57
1628 8184 583 120 57
1633 8184 580 120 57
1633 8152 577 122 57
1633 8121 577 122 57
1623 8088 575 121 56
1613 8065 574 122 56
1613 8049 570 121 56
1619 8049 577 120 55
1630 8069 586 120 55
1657 8108 586 120 55
1694 8174 592 120 55
1726 8261 588 120 55
1758 8363 586 120 55
1802 8517 561 121 56
1855 8655 559 122 56
1889 8783 589 122 56
1889 8806 603 123 56
1867 8766 634 123 56
1833 8684 662 124 57
1802 8552 688 124 57
1772 8415 699 124 57
1761 8276 717 124 57
1761 8194 728 124 57
1776 8148 730 124 57
1787 8125 727 126 57
1794 8119 714 125 56
1799 8131 705 125 56
1816 8156 685 125 56
1838 8196 620 125 56
1865 8252 501 125 56
1890 8320 420 125 56
1900 8359 394 125 56
1900 8368 402 125 56
1900 8358 409 125 56
1892 8348 417 125 56
1886 8334 425 125 56
1886 8314 423 125 56
1886 8298 420 125 56
1886 8284 407 125 56
1886 8273 304 125 56
1897 8273 108 125 56
1897 8273 0 125 56
1948 8279 0 125 56
1993 8297 0 124 55
2046 8322 0 124 55
2125 8361 0 124 55
2221 8420 0 124 55
2317 8492 0 124 55
2412 8583 0 125 56
2506 8681 0 126 56
2506 8681 260 126 56
2666 8869 414 126 56
2673 8911 559 126 56
2673 8925 673 127 55
2658 8896 739 127 55
2638 8814 791 127 55
2603 8698 805 129 55
2558 8559 823 129 55
2529 8419 817 127 55
2514 8323 825 127 55
2508 8256 827 127 55
2508 8219 826 127 56
2516 8207 803 127 56
2528 8212 793 127 56
2559 8246 785 127 56
2603 8309 746 127 56
2662 8392 714 127 56
2708 8493 716 126 56
2744 8542 714 126 56
2764 8557 699 125 55
2772 8543 699 125 55
2772 8530 699 125 55
2782 8518 700 124 54
2794 8503 697 124 54
2815 8498 690 125 55
2843 8498 687 125 55
2880 8508 662 125 55
2959 8525 620 126 56
3065 8548 586 126 56
3251 8589 577 127 56
3439 8626 577 127 56
3587 8626 588 128 57
3707 8597 603 128 57
3733 8540 646 128 57
3715 8483 671 128 57
3668 8424 663 130 56
3554 8363 670 130 56
3325 8297 668 130 56
3018 8195 676 131 56
2602 8070 690 131 56
2148 7882 730 130 56
1668 7722 763 131 57
1375 7582 770 130 56
1217 7493 779 128 57
1150 7449 755 126 57
1172 7436 733 123 56
1233 7424 731 123 56
1319 7424 696 121 56
1423 7440 678 121 56
1532 7460 668 121 56
1645 7481 647 121 56
1725 7503 586 121 56
1782 7513 519 123 56
1823 7519 461 123 56
1851 7512 430 123 56
1873 7499 393 123 56
1873 7499 254 123 56
1873 7499 0 123 56
1923 7463 0 123 56
1941 7463 0 123 56
1964 7463 0 123 56
1993 7470 0 123 56
2039 7481 0 123 56
2098 7506 0 123 56
2169 7538 0 125 56
2244 7575 0 125 56
2348 7605 0 127 56
2470 7629 0 127 56
2600 7643 0 129 56
2723 7651 0 130 55
2816 7659 0 131 55
2890 7670 0 130 54
2945 7681 0 131 54
2984 7694 0 130 53
3011 7701 0 130 53
3017 7701 0 129 52
3010 7701 0 128 52
2994 7701 0 128 52
2984 7701 0 127 52
2979 7714 0 127 52
2979 7726 0 128 53
2995 7738 0 127 53
3012 7750 0 128 54
3012 7750 137 126 54
3012 7750 306 126 54
3012 7750 433 126 56
3023 7723 537 126 56
3014 7698 586 126 56
3003 7671 591 125 56
2998 7642 595 125 56
2998 7624 589 125 56
2998 7614 535 125 56
2998 7614 504 125 56
3003 7627 485 125 56
3003 7644 475 125 56
3011 7674 478 125 56
3016 7708 483 125 56
3021 7745 493 125 56
3021 7767 519 125 56
3026 7773 533 126 56
3026 7768 546 126 56
3033 7757 553 126 56
3040 7744 561 126 56
3052 7727 565 126 56
3068 7715 569 126 56
3089 7707 572 126 56
3113 7707 561 126 56
3137 7726 545 126 56
3156 7749 543 126 56
3171 7765 541 126 56
3171 7781 544 126 56
3171 7793 544 126 56
3158 7798 540 126 56
3150 7798 540 126 56
3143 7786 537 126 56
3137 7770 529 127 55
3137 7754 504 127 55
3137 7740 398 127 55
3146 7730 187 127 55
3146 7730 0 127 55
3175 7724 0 126 56
3193 7729 0 126 56
3213 7744 0 126 56
3247 7763 0 126 56
3288 7779 0 126 56
3316 7792 0 125 55
3331 7792 0 125 55
3331 7792 386 125 55
3331 7792 512 126 54
3331 7792 581 126 54
3299 7756 611 127 55
3291 7743 597 127 55
3291 7729 504 129 56
3291 7722 273 129 56
3291 7722 0 129 56
3311 7722 0 129 56
3311 7738 0 127 56
3317 7755 0 127 56
3336 7774 0 127 56
3363 7798 0 126 56
3382 7826 0 126 56
3402 7848 0 127 55
3415 7853 0 126 54
3415 7853 257 126 54
3415 7853 399 128 54
3415 7853 473 129 55
3415 7853 504 129 55
3418 7823 530 130 54
3424 7806 542 131 55
3430 7782 567 131 55
3436 7761 560 131 55
3444 7747 561 130 55
3451 7738 564 130 55
3459 7738 570 130 55
3468 7743 574 130 55
3484 7755 577 130 55
3500 7773 578 130 55
3518 7800 574 130 55
3539 7832 560 131 56
3558 7867 545 131 56
3573 7902 519 131 56
3579 7919 441 131 56
3579 7919 247 132 55
3579 7919 0 132 55
3570 7899 0 132 55
3557 7880 0 134 55
3544 7861 0 134 55
3538 7847 0 134 55
3551 7836 0 132 55
3575 7831 0 132 55
3602 7831 0 132 55
3627 7831 0 132 55
3627 7831 299 132 55
3627 7831 473 132 55
3627 7831 566 132 55
3627 7831 605 132 55
3627 7831 611 132 55
3627 7831 577 132 55
3627 7831 488 132 55
3627 7831 226 132 55
3627 7831 0 132 55
3627 7831 0 132 55
3627 7831 0 132 55
3627 7831 0 134 56
3659 7854 0 134 56
3699 7872 0 134 56
3730 7894 0 134 56
3730 7894 0 132 55
3769 7936 0 134 55
3769 7936 113 134 55
3769 7936 305 134 55
3769 7936 438 134 55
3769 7936 515 132 55
3769 7936 546 132 55
3769 7936 565 131 55
3805 7894 567 131 55
3823 7864 575 131 55
3839 7836 586 131 55
3845 7810 581 130 54
3845 7783 561 129 53
3835 7766 440 129 53
3820 7754 108 128 53
3820 7754 0 127 53
3788 7744 0 127 53
3778 7760 0 128 54
3787 7783 0 128 54
3806 7808 0 129 55
3844 7834 0 129 55
3844 7834 514 130 55
3892 7834 834 130 55
3882 7834 996 131 56
3882 7834 1023 132 55
3882 7834 1023 131 55
3882 7834 888 131 55
