778 7330 202 120 55
783 7256 339 120 55
772 7238 485 120 55
746 7230 609 121 56
741 7230 664 121 56
736 7241 708 121 56
727 7256 752 121 56
715 7289 773 122 57
715 7351 771 122 57
721 7433 779 122 57
736 7544 777 122 57
771 7661 787 123 58
818 7782 785 123 58
878 7890 809 123 58
953 7966 829 123 58
1037 8021 829 123 58
1133 8054 824 123 58
1209 8054 823 123 58
1271 8044 802 124 57
1299 8004 800 124 57
1299 7919 788 124 57
1271 7803 787 124 57
1205 7705 794 124 57
1137 7633 784 124 57
1068 7578 780 124 57
1020 7542 785 124 57
977 7526 791 126 57
959 7526 791 125 56
959 7526 790 125 56
952 7541 796 125 56
952 7565 811 123 56
958 7586 817 123 56
968 7603 837 123 56
979 7609 858 123 56
990 7609 900 122 57
1025 7586 908 122 57
1076 7553 942 121 56
1127 7507 947 121 56
1172 7462 946 121 56
1213 7419 952 121 56
1246 7383 973 121 56
1267 7359 989 121 56
1281 7342 977 121 56
1281 7342 996 121 56
1281 7342 1006 121 56
1281 7342 1014 121 56
1281 7342 1014 121 56
1281 7342 990 121 56
1281 7342 942 122 56
1281 7342 803 122 56
1281 7342 513 122 56
1281 7342 0 122 56
1297 7360 0 122 56
1304 7373 0 123 56
1304 7373 0 123 56
1319 7380 0 125 56
1332 7380 0 126 57
1350 7390 0 126 57
1385 7390 0 126 57
1431 7390 0 126 57
1473 7397 0 127 56
1498 7402 0 128 57
1511 7402 0 128 57
1524 7402 0 128 57
1538 7414 0 130 58
1538 7414 512 130 58
1538 7414 640 130 58
1538 7414 799 131 58
1538 7414 854 131 58
1538 7414 894 131 58
1538 7414 924 129 59
1538 7414 935 129 59
1508 7427 930 129 59
1497 7416 915 129 59
1471 7397 902 129 59
1463 7373 861 129 59
1468 7364 857 129 59
1477 7359 861 128 59
1486 7359 861 128 59
1486 7359 897 128 59
1491 7367 911 128 59
1491 7373 939 129 59
1491 7379 941 129 59
1486 7386 903 129 59
1486 7396 860 129 59
1486 7408 751 129 59
1486 7414 572 129 59
1491 7421 220 129 59
1491 7421 0 129 59
1491 7439 0 131 60
1484 7444 0 131 60
1469 7444 0 131 60
1461 7456 0 131 60
1492 7468 0 131 60
1547 7468 0 131 60
1599 7510 0 131 60
1659 7586 0 131 60
1725 7632 0 131 58
1771 7671 0 131 58
1788 7695 0 132 58
1788 7712 0 134 57
1779 7712 0 132 57
1765 7712 0 134 56
1745 7691 0 134 56
1726 7665 0 135 55
1707 7627 0 134 55
1688 7584 0 134 55
1671 7542 0 135 54
1657 7506 0 135 54
1646 7475 0 135 54
1639 7455 0 134 55
1639 7445 0 135 55
1634 7445 0 135 55
1634 7445 0 134 56
1634 7454 0 135 57
1641 7470 0 134 57
1649 7497 0 132 58
1660 7528 0 134 58
1673 7562 0 132 59
1685 7600 0 134 60
1699 7644 0 134 60
1719 7691 0 132 60
1742 7746 0 132 60
1769 7803 0 134 61
1783 7861 0 134 61
1783 7913 0 134 61
1783 7913 210 135 62
1801 7991 314 135 62
1801 8007 418 136 61
1801 8007 504 138 61
1795 8007 540 139 61
1795 7998 557 141 61
1787 7949 591 141 61
1775 7875 628 142 61
1765 7792 643 142 61
1749 7695 641 144 61
1730 7589 636 143 62
1725 7511 641 143 62
1735 7463 639 143 62
1755 7435 639 143 62
1775 7422 636 144 62
1794 7428 658 143 63
1835 7448 670 143 63
1890 7490 681 143 63
1923 7539 699 141 64
1959 7592 707 141 64
2001 7653 711 140 65
2036 7732 694 138 64
2068 7824 690 138 64
2096 7933 700 138 64
2111 8009 722 138 64
2118 8064 749 140 63
2118 8102 756 140 63
2118 8124 773 143 63
2113 8135 787 143 63
2113 8141 790 144 62
2113 8141 783 144 62
2113 8141 785 146 62
2113 8141 797 146 62
2113 8141 800 148 61
2113 8141 811 148 61
2113 8141 812 148 61
2113 8141 818 150 60
2113 8141 817 150 60
2113 8141 824 150 60
2113 8146 827 151 60
2118 8146 822 151 60
2118 8146 833 151 60
2118 8146 843 151 60
2118 8146 848 151 60
2118 8146 857 152 59
2118 8146 852 152 59
2118 8146 861 152 59
2118 8146 863 152 59
2118 8146 855 152 59
2118 8146 861 152 59
2118 8146 870 152 59
2118 8138 876 151 60
2118 8125 897 151 60
2118 8096 902 151 60
2118 8059 893 151 60
2108 7999 893 151 60
2095 7932 905 151 60
2080 7860 906 151 60
2068 7793 912 150 60
2057 7735 909 150 60
2057 7684 912 148 60
2065 7644 915 147 61
2070 7608 921 147 61
2082 7575 917 146 62
2096 7556 923 146 62
2114 7537 915 144 62
2132 7517 920 143 62
2151 7498 914 141 63
2177 7489 926 141 63
2199 7489 920 140 63
2218 7489 924 138 63
2249 7510 935 138 63
2282 7534 938 137 63
2316 7571 933 137 63
2351 7607 927 137 63
2384 7663 908 137 63
2420 7732 897 137 63
2457 7808 905 137 63
2491 7882 900 137 63
2508 7954 909 137 63
2515 7992 899 137 63
2515 8028 929 138 63
2515 8041 929 138 63
2506 8041 921 141 63
2506 8041 909 141 63
2506 8033 902 143 62
2500 8023 899 143 62
2500 8008 908 143 62
2494 7967 908 146 62
2494 7910 912 146 62
2489 7866 909 146 62
2481 7824 909 147 61
2481 7784 903 147 61
2488 7749 909 147 61
2502 7728 914 147 61
2523 7716 923 146 62
2548 7711 932 146 62
2583 7711 935 144 61
2629 7724 941 143 62
2683 7742 941 143 62
2740 7777 945 143 62
2794 7824 941 143 62
2844 7882 933 141 63
2893 7964 927 141 63
2929 8061 914 141 63
2953 8151 914 141 63
2969 8233 909 143 62
2969 8303 914 143 62
2964 8365 926 144 62
2951 8407 933 146 62
2930 8436 926 146 62
2896 8455 914 148 61
2854 8455 897 148 61
2782 8431 893 150 60
2703 8379 905 151 61
2619 8308 892 151 61
2565 8225 894 152 60
2534 8144 911 152 60
2519 8062 918 152 60
2519 7975 924 153 59
2543 7902 935 152 60
2576 7843 947 152 60
2625 7792 946 152 60
2672 7753 959 150 60
2718 7723 970 150 60
2750 7708 988 150 60
2781 7702 987 148 61
2814 7702 996 147 61
2848 7709 994 146 62
2886 7725 1002 146 62
2915 7746 999 146 62
2938 7768 1003 143 62
2963 7788 1002 143 62
2984 7802 1003 143 62
3002 7829 997 143 62
3026 7865 996 143 62
3055 7915 990 143 62
3082 7974 1002 143 62
3107 8038 1002 143 62
3107 8089 1012 143 62
3107 8140 1012 146 62
3088 8197 1021 146 62
3061 8258 1023 147 61
3038 8292 1021 148 61
3015 8325 1011 148 61
2990 8356 1011 150 60
2962 8367 1002 151 61
2933 8367 999 151 61
2900 8349 988 152 60
2857 8302 990 152 60
2807 8234 982 152 60
2777 8161 987 155 60
2765 8092 982 155 60
2765 8025 994 155 60
2774 7953 997 155 60
2805 7881 1012 155 60
2851 7829 1018 154 60
2900 7790 1023 152 60
2942 7756 1023 152 60
2979 7731 1023 151 61
3013 7713 1023 151 61
3038 7689 1023 151 61
3058 7664 1023 148 61
3068 7642 1023 148 61
3068 7622 1023 148 61
3054 7590 1023 147 62
3023 7554 1023 147 62
2952 7485 1023 147 62
2853 7396 1023 146 63
2713 7304 1023 148 63
2534 7212 1023 148 63
2328 7128 1023 148 63
2081 7049 1023 148 63
1800 6961 1023 148 63
1497 6873 1023 146 64
1207 6791 1023 146 64
907 6715 1023 146 64
601 6659 1023 143 64
369 6625 1023 143 64
238 6606 1023 140 65
174 6630 1023 138 64
167 6673 1023 135 64
230 6728 1023 135 64
339 6870 1023 132 64
586 7044 1023 130 63
887 7239 1023 129 63
1223 7396 1023 127 63
1609 7524 1023 127 63
1995 7634 1023 127 63
2333 7688 1023 127 63
2639 7730 1023 129 64
2855 7765 1023 129 64
3004 7781 1023 132 64
3109 7794 1023 133 65
3184 7803 1023 137 65
3223 7803 1023 138 65
3237 7803 1023 142 65
3237 7803 1023 144 66
3237 7803 1023 147 65
3237 7803 1023 149 66
3237 7803 1023 151 66
3237 7803 1023 154 66
3237 7798 1023 154 66
3237 7798 1023 154 66
3237 7798 1023 154 66
3237 7798 1023 155 65
3237 7798 855 155 65
3229 7803 48 155 65
