1387 8389 168 133 62
1387 8416 170 132 61
1387 8416 237 131 61
1387 8416 291 129 60
1396 8428 327 129 60
1416 8451 368 128 59
1444 8486 394 128 59
1480 8525 415 128 59
1517 8565 414 126 60
1557 8604 423 126 60
1588 8641 428 126 60
1613 8660 431 126 60
1625 8669 450 125 60
1625 8669 467 125 60
1625 8658 491 125 60
1615 8619 507 125 60
1591 8562 515 125 60
1558 8485 519 125 60
1533 8406 517 125 60
1521 8326 522 128 61
1521 8247 516 128 61
1521 8166 516 129 60
1530 8086 516 129 60
1551 8017 515 129 60
1586 7955 521 131 60
1652 7900 519 131 60
1738 7867 526 131 60
1856 7848 522 128 59
1988 7834 518 128 59
2130 7823 509 128 59
2217 7813 519 127 59
2217 7801 591 127 59
2164 7784 616 127 59
2022 7739 603 127 59
1812 7678 599 126 58
1556 7582 638 126 58
1298 7484 661 126 58
1042 7406 696 126 58
850 7343 725 124 57
701 7319 733 124 57
684 7319 719 123 56
768 7341 727 123 56
919 7406 733 123 56
1207 7508 731 123 56
1536 7636 739 123 56
1893 7776 725 124 57
2292 7913 669 124 57
2664 8048 605 126 58
2951 8133 474 126 58
3190 8187 255 127 59
3190 8187 0 128 58
3403 8233 0 128 58
3389 8225 0 131 58
3281 8203 0 131 58
3095 8171 0 131 57
2857 8116 0 130 58
2555 8046 0 130 58
2293 7974 0 130 58
2058 7911 0 128 57
1852 7855 0 128 57
1703 7824 0 128 57
1592 7817 0 130 56
1545 7825 0 130 56
1523 7845 0 132 57
1518 7865 0 134 57
1525 7884 0 136 57
1538 7909 0 138 58
1569 7938 0 138 59
1610 7963 0 136 60
1650 7985 0 134 61
1680 7995 0 132 61
1692 7995 0 129 61
1692 8000 0 126 61
1700 8006 0 123 61
1709 8015 0 120 60
1727 8031 0 119 60
1751 8049 0 119 60
1773 8068 0 119 60
1793 8091 0 121 59
1814 8113 0 121 59
1833 8132 0 123 59
1849 8140 0 125 59
1849 8140 257 125 59
1849 8140 301 127 59
1849 8140 393 128 58
1849 8140 474 128 58
1837 8092 515 128 58
1837 8062 538 130 58
1837 8029 544 130 58
1847 7997 536 130 58
1861 7977 546 130 58
1881 7964 540 128 58
1913 7964 527 127 57
1952 7971 504 127 57
1993 7991 469 127 57
2030 8022 423 127 57
2062 8057 369 127 57
2093 8094 348 127 57
2105 8119 359 127 57
2105 8127 376 127 57
2092 8127 397 127 57
2081 8114 456 128 58
2074 8100 481 130 58
2074 8077 493 130 58
2074 8055 490 130 58
2083 8034 464 128 57
2109 8020 430 128 57
2146 8020 334 127 57
2184 8020 1 128 58
2184 8020 0 128 58
2267 8064 0 128 58
2301 8095 0 128 58
2328 8128 0 128 58
2366 8164 0 128 58
2403 8202 0 127 57
2436 8224 0 127 57
2451 8229 0 127 57
2456 8223 0 127 57
2456 8223 310 128 58
2431 8214 364 130 58
2399 8201 444 130 58
2372 8181 539 130 58
2347 8162 584 130 58
2335 8138 586 131 57
2335 8121 583 131 57
2335 8111 561 130 58
2347 8106 557 130 58
2364 8106 539 130 58
2391 8111 510 130 58
2424 8127 477 130 58
2450 8142 425 130 58
2474 8162 327 130 58
2496 8187 279 130 58
2506 8202 285 130 58
2506 8212 314 130 58
2506 8212 361 130 58
2490 8203 455 130 58
2478 8190 512 130 58
2472 8180 545 131 57
2472 8171 566 131 57
2479 8162 577 131 57
2491 8157 574 131 57
2507 8157 557 131 57
2531 8164 515 131 57
2559 8182 407 131 57
2589 8206 225 132 58
2589 8206 0 132 58
2653 8253 0 132 58
2674 8273 0 131 58
2688 8273 0 131 58
2695 8273 0 131 58
2695 8273 168 130 58
2695 8273 237 130 58
2680 8240 342 130 58
2680 8230 418 128 57
2680 8230 486 128 57
2686 8230 514 128 57
2695 8224 535 127 56
2710 8229 543 127 56
2732 8240 540 129 56
2755 8263 522 129 56
2779 8285 517 129 56
2799 8303 489 129 56
2807 8316 478 129 56
2807 8316 465 129 56
2797 8309 477 129 56
2783 8294 472 129 56
2767 8276 472 129 56
2761 8259 472 129 56
2761 8251 481 129 56
2770 8251 496 129 56
2784 8251 499 129 56
2803 8251 509 129 56
2824 8256 507 127 56
2851 8268 502 127 56
2884 8289 492 127 56
2924 8317 493 128 57
2968 8351 473 130 56
3016 8398 445 130 56
3066 8453 441 130 56
3094 8493 448 130 56
3108 8513 466 130 56
3091 8519 473 128 57
3061 8513 497 128 57
3021 8502 512 128 57
2973 8483 520 128 57
2925 8455 526 128 57
2903 8422 529 128 57
2898 8393 532 128 57
2904 8361 537 128 57
2938 8325 557 130 56
2991 8294 570 130 56
3079 8266 589 131 57
3179 8240 591 132 57
3286 8211 592 132 57
3358 8175 602 132 57
3374 8131 645 132 57
3353 8053 676 134 57
3239 7953 700 134 57
3016 7843 728 134 57
2721 7730 776 132 58
2363 7630 822 131 57
2011 7540 842 132 58
1662 7483 860 131 58
1395 7450 878 131 58
1236 7432 905 131 58
1150 7451 887 129 59
1179 7494 870 128 58
1327 7553 861 128 58
1555 7650 864 128 58
1971 7807 861 128 58
2510 8005 830 131 58
3130 8213 794 131 58
3701 8357 774 132 58
4097 8458 773 134 58
4376 8489 784 135 58
4447 8460 818 136 58
4370 8392 834 138 58
4193 8277 824 138 58
3869 8112 812 139 57
3473 7913 843 138 57
3030 7744 849 138 57
2763 7640 818 138 57
2653 7580 641 138 57
