1911 8416 13 106 60
1924 8503 309 107 61
1915 8528 369 107 61
1905 8552 450 107 61
1896 8572 562 107 62
1891 8587 597 107 62
1886 8594 641 105 62
1880 8594 662 105 62
1880 8594 675 105 62
1880 8565 696 105 62
1875 8522 705 105 61
1875 8444 724 105 61
1875 8372 722 107 61
1883 8304 727 107 61
1896 8245 722 107 61
1908 8208 721 107 61
1921 8185 716 107 61
1946 8178 703 108 61
1978 8186 691 108 61
2008 8203 691 108 61
2037 8249 681 108 61
2066 8307 673 108 61
2089 8372 646 108 61
2108 8441 643 107 61
2125 8507 644 107 62
2125 8552 666 107 62
2119 8583 691 107 62
2111 8589 731 107 62
2104 8589 728 108 63
2099 8589 731 108 63
2099 8589 730 108 63
2099 8554 730 108 63
2110 8507 731 108 63
2121 8427 728 108 63
2135 8345 719 108 63
2149 8262 711 108 63
2161 8196 705 108 63
2161 8142 707 110 63
2151 8107 716 110 63
2136 8078 727 110 63
2111 8052 752 110 63
2074 8035 751 110 63
2029 8026 768 109 62
1986 8026 788 109 62
1947 8026 787 109 62
1924 8019 797 109 62
1910 8005 788 109 62
1903 7984 765 109 62
1903 7957 749 108 61
1903 7929 708 107 61
1916 7912 691 107 61
1933 7903 681 107 61
1951 7908 685 107 61
1968 7941 691 107 61
1982 7993 690 107 61
1993 8063 703 107 61
2001 8154 707 107 61
2001 8258 700 107 61
2007 8366 693 107 61
2007 8474 699 108 61
2007 8562 697 109 62
2007 8637 693 109 62
2007 8679 705 111 61
2007 8697 711 109 62
2007 8697 714 109 62
2001 8689 722 109 62
2001 8636 725 109 62
2001 8553 724 109 62
1994 8391 719 109 62
1994 8183 719 109 62
1999 7944 724 109 62
2007 7742 721 109 62
2018 7615 727 109 62
2028 7537 720 107 62
2036 7480 702 107 61
2044 7453 602 107 61
2055 7446 422 105 61
2070 7470 3 105 61
2070 7470 0 105 62
2110 7627 0 105 62
2125 7704 0 105 62
2137 7778 0 105 62
2163 7847 0 105 62
2189 7909 0 105 62
2215 7969 0 107 62
2236 8024 0 107 62
2255 8064 0 107 61
2271 8093 0 107 61
2271 8093 343 107 61
2280 8133 397 107 62
2269 8141 496 107 62
2261 8141 586 109 62
2252 8146 642 110 63
2241 8146 671 110 63
2232 8139 681 112 62
2225 8133 694 113 63
2206 8115 708 113 63
2178 8089 711 113 63
2150 8051 733 113 63
2123 8014 721 113 63
2101 7978 722 113 63
2083 7945 717 113 63
2083 7910 702 112 62
2093 7888 668 112 62
2126 7877 644 112 62
2161 7877 617 112 62
2203 7902 609 112 62
2249 7942 611 112 62
2285 7993 620 112 62
2315 8041 611 113 63
2327 8081 638 113 63
2327 8107 672 113 63
2314 8125 719 115 63
2298 8132 746 115 63
2272 8132 776 115 63
2238 8122 757 115 63
2207 8104 763 115 63
2177 8079 705 115 63
2151 8052 661 115 63
2134 8026 556 115 63
2134 8008 369 115 63
2147 7993 101 115 63
2147 7993 0 113 63
2211 8005 0 113 63
2248 8034 0 113 63
2286 8066 0 113 63
2324 8101 0 112 62
2324 8101 146 112 62
2399 8168 277 112 62
2413 8194 371 112 62
2413 8215 501 114 62
2413 8234 595 115 63
2408 8250 662 115 63
2396 8255 697 115 63
2376 8245 705 116 64
2348 8226 710 117 63
2315 8191 710 117 63
2283 8155 717 117 63
2268 8120 691 117 63
2268 8098 668 117 63
2277 8084 638 117 63
2306 8074 616 119 63
2346 8083 595 119 63
2405 8106 586 119 63
2465 8139 592 119 63
2524 8168 591 119 63
2569 8188 595 119 63
2605 8201 602 120 64
2624 8211 613 120 64
2633 8211 638 120 64
2633 8211 671 120 64
2623 8211 690 122 65
2596 8188 728 122 65
2558 8152 742 122 65
2522 8116 757 122 65
2488 8085 749 122 65
2469 8058 733 122 65
2458 8042 707 124 64
2464 8034 681 124 64
2475 8034 673 124 64
2503 8042 663 125 65
2540 8066 664 125 65
2579 8100 675 125 65
2603 8128 676 125 65
2616 8150 693 127 64
2616 8160 690 127 64
2616 8165 708 127 64
2601 8165 705 127 64
2589 8165 705 127 64
2566 8154 702 127 64
2535 8138 702 130 65
2503 8118 703 130 65
2459 8097 697 130 65
2406 8071 700 130 65
2322 8020 703 130 65
2223 7953 699 130 65
2115 7869 707 129 64
2020 7791 724 129 64
1940 7717 716 129 64
1871 7639 725 129 64
1815 7569 722 129 64
1780 7504 721 129 64
1759 7472 699 129 64
1759 7457 694 127 63
1771 7457 696 129 63
1804 7457 691 129 63
1853 7494 696 127 62
1924 7549 705 127 62
2024 7613 717 127 62
2142 7689 725 127 63
2295 7772 749 127 63
2471 7873 763 127 63
2661 7986 787 129 64
2857 8108 814 129 64
3053 8226 826 132 64
3247 8344 834 132 64
3395 8437 840 133 65
3513 8513 845 133 65
3575 8558 851 133 65
3613 8585 851 135 65
3635 8599 837 135 65
3653 8604 808 133 66
3653 8604 727 135 67
3643 8611 509 135 67
3605 8611 67 135 67
3605 8611 0 135 67
3472 8550 0 135 67
3381 8497 0 135 67
3280 8441 0 133 66
3173 8379 0 133 66
3065 8324 0 132 65
2977 8272 0 132 65
2901 8227 0 130 65
2852 8195 0 127 64
2829 8171 0 125 64
2824 8158 0 125 64
2817 8145 0 122 63
2802 8130 0 122 63
2782 8116 0 119 63
2746 8116 0 119 63
2714 8122 0 119 63
2689 8148 0 119 63
2671 8185 0 119 63
2671 8185 354 120 64
2645 8274 495 120 64
2630 8317 566 120 64
2621 8343 636 122 65
2615 8359 682 122 65
2615 8364 700 124 64
2615 8364 705 124 64
2622 8343 714 125 65
2633 8309 728 125 65
2646 8253 727 125 65
2660 8185 716 125 65
2669 8109 713 124 64
2677 8059 696 124 64
2693 8030 639 120 64
2704 8015 562 119 63
2710 8015 478 119 63
2710 8035 327 116 63
2705 8067 223 116 63
2687 8124 113 116 63
2663 8199 109 116 63
2648 8285 212 116 63
2634 8343 381 117 63
2623 8378 494 119 64
2614 8397 570 120 64
2614 8397 613 122 65
2614 8397 641 122 65
2621 8362 637 123 65
2630 8311 643 123 65
2648 8263 640 125 65
2672 8221 637 125 65
2702 8184 628 124 64
2734 8166 610 122 65
2765 8166 595 120 64
2791 8172 584 120 64
2814 8202 588 120 64
2832 8248 589 120 64
2842 8304 597 120 64
2847 8379 605 120 64
2847 8451 606 122 65
2839 8520 619 122 65
2828 8565 638 122 65
2808 8583 652 122 65
2789 8583 652 122 65
2764 8565 658 122 65
2734 8520 662 122 65
2714 8458 665 120 64
2700 8388 659 120 64
2700 8305 641 120 64
2713 8214 616 119 63
2730 8153 591 119 63
2751 8112 546 119 63
2779 8085 510 119 63
2811 8077 467 119 63
2837 8091 447 119 63
2859 8119 417 119 64
2868 8164 442 119 64
2868 8210 473 120 65
2868 8258 526 120 65
2856 8300 561 123 65
2845 8331 586 123 65
2834 8355 609 123 65
2827 8355 616 123 65
2822 8361 622 123 65
2822 8361 631 123 65
2822 8329 636 123 65
2827 8286 627 123 65
2832 8236 624 123 65
2840 8197 627 123 65
2854 8165 620 123 65
2873 8150 613 123 65
2890 8144 591 122 65
2902 8144 595 122 65
2916 8168 608 120 65
2925 8206 611 119 64
2930 8255 631 119 64
2930 8305 636 119 64
2924 8349 646 120 64
2918 8369 662 122 65
2918 8375 668 122 65
2918 8370 661 122 65
2918 8360 673 122 65
2918 8325 663 122 65
2918 8274 666 122 65
2924 8220 663 122 65
2938 8182 671 122 65
2954 8154 665 122 65
2971 8148 659 122 65
2981 8148 664 120 64
2981 8156 664 120 64
2981 8177 676 119 64
2995 8213 670 119 64
2995 8260 678 119 64
2984 8316 670 119 64
2984 8367 667 119 64
2989 8414 667 120 64
2989 8438 670 120 64
2989 8447 664 120 64
2997 8447 662 120 64
3004 8438 672 120 64
3010 8406 678 120 64
3017 8358 682 120 64
3023 8302 690 120 64
3031 8253 693 120 64
3039 8208 690 120 64
3049 8192 673 120 64
3059 8185 667 120 64
3059 8185 669 120 64
3064 8200 676 120 64
3070 8239 678 120 64
3077 8295 676 120 64
3082 8368 669 120 64
3082 8437 666 120 64
3082 8470 666 120 64
3082 8482 666 120 64
3082 8472 667 119 63
3082 8436 679 119 63
3077 8382 687 119 63
3077 8304 687 119 63
3077 8238 687 119 63
3086 8179 681 119 63
3106 8148 670 119 64
3135 8133 664 119 64
3159 8133 664 119 64
3184 8147 667 119 64
3201 8185 664 119 64
3213 8236 673 119 64
3218 8307 675 119 64
3212 8411 669 119 64
3199 8538 696 119 64
3172 8627 705 119 64
3132 8673 740 119 64
3082 8690 762 119 64
3038 8690 777 119 64
3000 8680 777 119 64
2972 8656 770 119 64
2967 8609 757 119 64
2976 8555 740 119 64
3007 8493 705 119 64
3079 8432 669 119 64
3178 8405 631 122 65
3280 8399 591 122 65
3364 8399 567 122 65
3436 8387 581 125 65
3469 8377 636 125 65
3469 8356 700 125 65
3441 8313 757 126 66
3381 8255 796 128 65
3290 8176 811 128 65
3179 8094 809 128 65
3070 8007 787 128 65
2962 7919 777 128 65
2859 7840 751 128 65
2783 7776 733 128 65
2723 7723 694 128 65
2669 7670 670 127 64
2634 7638 673 127 64
2611 7619 662 127 64
2583 7600 662 127 64
2543 7581 671 128 65
2496 7559 667 128 65
2442 7529 650 132 65
2385 7491 655 132 65
2325 7454 673 133 66
2275 7419 697 133 66
2230 7390 714 135 65
2193 7375 763 135 65
2184 7370 774 135 65
2194 7378 797 135 64
2243 7433 814 135 64
2363 7519 854 137 65
2529 7654 882 137 65
2775 7806 906 137 65
3015 7969 894 137 65
3252 8119 906 138 65
3465 8233 890 138 65
3633 8324 882 138 65
3772 8404 867 140 66
3863 8461 864 140 66
3909 8502 869 140 66
3926 8514 879 140 66
3916 8522 867 140 66
3879 8527 872 140 66
3823 8527 867 140 66
3790 8538 855 139 67
3772 8546 846 137 66
3763 8554 836 137 66
3763 8554 819 137 66
3756 8554 818 135 65
3741 8528 819 135 65
3718 8485 822 135 65
3688 8424 824 135 65
3660 8367 822 135 65
3636 8314 815 137 66
3641 8291 779 138 65
3664 8283 757 140 66
3712 8283 749 140 66
3775 8314 755 142 66
3848 8339 763 142 66
3891 8361 767 142 66
3914 8361 785 142 66
3923 8361 799 140 66
3923 8346 800 140 66
3904 8322 806 140 66
3878 8290 805 139 67
3831 8260 800 139 67
3754 8223 797 139 67
3658 8176 791 139 67
3512 8089 787 139 67
3318 7976 791 139 67
3093 7810 817 139 67
2855 7657 863 139 67
2697 7513 866 139 67
2593 7444 843 137 66
2547 7403 825 139 67
2529 7382 834 140 66
2529 7388 837 140 66
2602 7456 855 140 66
2750 7566 855 140 66
2948 7719 894 142 65
3193 7888 926 142 65
3450 8069 951 142 65
3714 8240 974 140 66
3979 8405 995 140 66
4213 8565 988 140 66
4426 8694 997 139 67
4566 8779 993 139 67
4645 8836 982 139 67
4682 8866 980 137 67
4682 8873 908 137 67
4650 8864 728 137 67
4598 8847 257 137 67
4598 8847 0 137 67
4430 8763 0 137 67
4371 8741 0 137 67
4311 8725 0 137 67
4253 8713 0 137 67
4195 8699 0 135 67
4120 8684 0 137 66
4034 8667 0 135 65
3988 8667 0 135 65
3975 8667 0 135 64
3975 8667 790 135 64
3975 8667 808 135 64
3975 8667 800 133 65
3975 8667 808 133 65
3975 8667 818 135 65
3991 8635 845 133 66
4018 8582 843 133 66
4056 8518 834 133 66
4088 8458 815 133 66
4113 8419 748 133 66
4134 8394 460 133 66
4134 8394 0 133 66
4175 8384 0 133 66
4180 8407 0 133 66
4159 8453 0 133 66
4151 8525 0 133 66
4151 8615 0 133 66
4167 8677 0 135 65
4184 8703 0 133 65
4184 8703 982 133 65
4225 8709 1006 133 65
4209 8709 991 133 65
4209 8687 981 130 65
4229 8649 1002 130 65
4241 8592 1015 132 65
4258 8530 974 130 66
4286 8464 854 130 66
4317 8402 537 130 66
