2090 7735 254 112 52
2034 7698 281 112 53
2034 7698 305 111 53
2034 7698 361 112 54
2046 7714 415 110 54
2078 7739 467 111 55
2125 7809 512 111 55
2186 7906 553 111 55
2237 8021 567 112 55
2272 8133 589 112 55
2300 8226 602 115 55
2307 8307 636 116 55
2307 8323 653 117 55
2302 8342 687 117 55
2302 8363 691 119 54
2302 8346 691 120 55
2295 8287 697 121 55
2295 8200 694 121 55
2290 8123 693 121 55
2297 8076 688 120 54
2320 8048 679 120 54
2342 8038 690 120 54
2364 8053 696 120 54
2402 8084 705 120 54
2441 8158 708 120 54
2478 8232 714 120 54
2490 8306 721 120 54
2490 8339 733 120 54
2484 8349 739 121 55
2484 8344 728 121 55
2484 8332 721 121 55
2484 8299 720 123 55
2491 8253 733 123 55
2499 8221 725 123 55
2520 8203 716 123 55
2549 8194 708 123 55
2581 8204 714 123 55
2619 8248 710 123 55
2652 8315 705 123 55
2680 8406 696 123 55
2680 8527 668 122 54
2660 8668 665 122 54
2623 8768 673 122 54
2571 8796 694 122 54
2491 8776 700 122 54
2393 8678 717 122 54
2295 8545 730 123 55
2223 8389 757 123 55
2169 8246 785 123 55
2144 8115 784 124 55
2144 7991 782 124 55
2149 7886 754 123 55
2176 7831 724 123 55
2229 7809 702 123 55
2298 7814 699 120 54
2369 7862 700 120 54
2422 7938 684 120 54
2463 8043 644 121 55
2487 8125 641 121 55
2494 8191 661 121 55
2494 8191 694 123 55
2462 8139 733 124 55
2394 8055 787 124 55
2299 7904 836 125 55
2232 7769 846 124 55
2205 7645 849 124 55
2205 7529 855 124 55
2218 7426 852 122 56
2260 7333 846 122 56
2322 7273 839 121 55
2378 7244 840 121 55
2416 7237 842 121 55
2442 7242 842 121 55
2456 7268 827 121 55
2462 7309 800 121 55
2462 7374 780 121 55
2419 7434 783 121 55
2295 7485 872 121 55
2117 7501 980 122 56
1861 7495 1023 122 56
1606 7475 1023 122 56
1458 7460 1023 122 56
1380 7449 1023 122 56
1371 7449 1023 122 56
1389 7454 1017 121 55
1426 7462 1006 121 55
1556 7495 1023 121 55
1786 7581 1023 120 54
2083 7703 1023 120 54
2400 7790 1023 121 55
2678 7853 1023 121 55
2929 7899 1023 123 55
3085 7944 1023 124 55
3187 7987 1023 125 55
3253 8025 1023 127 55
3280 8063 949 129 56
3274 8101 714 130 55
3245 8111 443 131 56
3245 8111 0 132 55
2971 8061 0 134 56
2809 8021 0 132 57
2662 7983 0 132 57
2532 7939 0 131 56
2412 7895 0 130 56
2334 7853 0 129 56
2282 7828 0 129 56
2247 7813 0 127 56
2219 7813 0 126 56
2219 7813 324 126 56
2207 7861 334 126 56
2182 7887 428 125 55
2159 7899 542 125 55
2136 7899 592 125 55
2109 7899 619 124 54
2077 7860 641 124 54
2041 7806 693 124 54
2011 7748 727 123 55
1997 7693 727 123 55
1997 7660 719 123 55
2013 7642 725 121 55
2036 7642 728 120 55
2061 7651 758 119 54
2086 7676 771 117 55
2115 7731 773 117 55
2139 7782 779 117 55
2149 7830 788 118 56
2149 7861 787 120 55
2149 7871 787 120 55
2149 7871 753 121 55
2156 7863 721 121 55
2163 7857 700 121 55
2172 7846 694 123 55
2181 7833 697 123 55
2192 7819 699 123 55
2202 7812 700 123 55
2210 7807 697 123 55
2215 7807 697 123 55
2221 7807 691 123 55
2228 7800 696 123 55
2239 7773 696 121 55
2253 7731 697 121 55
2270 7700 696 121 55
2298 7681 690 120 55
2335 7669 694 120 55
2375 7691 699 118 56
2416 7747 707 118 56
2443 7826 708 118 56
2461 7913 697 118 56
2466 8029 668 120 55
2473 8165 636 120 55
2482 8268 605 121 55
2492 8313 594 123 55
2492 8319 611 123 55
2492 8313 631 124 54
2492 8275 667 124 54
2492 8216 688 125 55
2492 8153 708 126 54
2511 8093 719 126 54
2537 8057 722 126 54
2570 8036 730 125 54
2613 8036 763 125 54
2662 8079 768 125 54
2709 8142 785 125 54
2755 8221 780 125 54
2796 8311 759 125 54
2834 8408 751 124 53
2863 8467 761 124 53
2873 8486 750 124 53
2873 8479 753 124 53
2861 8456 763 124 53
2838 8407 773 124 53
2807 8340 793 124 53
2786 8270 800 124 53
2770 8200 820 124 53
2762 8118 827 123 52
2772 8030 828 123 52
2794 7967 836 123 52
2816 7932 830 123 52
2840 7915 830 122 53
2868 7915 831 122 53
2898 7954 832 121 53
2933 8024 817 121 53
2966 8085 809 122 54
2989 8140 800 122 54
3006 8157 796 123 53
3017 8151 812 124 54
3032 8140 827 124 54
3052 8120 845 126 54
3078 8094 845 126 54
3104 8073 818 126 54
3127 8061 636 128 54
3127 8061 0 128 54
3147 8075 0 128 54
3147 8112 0 128 54
3147 8161 0 128 54
3139 8196 0 128 54
3111 8206 0 128 54
3111 8206 282 128 54
3017 8184 644 128 54
2964 8176 840 128 54
2923 8176 929 128 54
2917 8176 941 128 54
2929 8188 933 128 54
2937 8188 924 128 54
2968 8204 842 128 54
3013 8222 707 128 54
3075 8231 570 128 54
3143 8231 312 128 54
3143 8231 0 128 54
3223 8217 0 128 54
3167 8184 0 128 54
3043 8138 0 128 54
2874 8088 0 126 54
2653 8023 0 126 54
2414 7948 0 126 54
2162 7894 0 125 55
2162 7894 537 126 56
1777 7893 580 125 56
1677 7975 592 125 56
1630 8049 661 125 56
1658 8119 758 125 56
1737 8208 819 125 56
1884 8297 890 126 56
2087 8363 923 126 56
2327 8415 935 129 56
2573 8440 942 129 56
2818 8430 921 130 56
3005 8396 906 131 56
3154 8342 860 132 57
3207 8259 836 134 56
3139 8156 812 134 56
2990 8003 785 134 56
2741 7839 817 134 56
2427 7668 849 134 56
2070 7526 860 134 56
1844 7466 840 132 57
1741 7461 827 131 56
1719 7509 790 130 56
1754 7603 796 128 57
1850 7728 818 127 56
1986 7818 830 127 56
2154 7860 833 127 56
2291 7869 830 127 56
2408 7838 824 127 56
2539 7794 823 127 56
2646 7742 815 127 56
2736 7694 818 127 56
2763 7658 825 127 56
2763 7630 846 126 56
2753 7619 857 125 56
2753 7619 854 125 56
2758 7632 834 124 55
2786 7687 827 124 55
2829 7750 828 124 55
2887 7818 833 125 56
2918 7850 854 126 56
2932 7860 878 127 56
2952 7860 890 127 56
2975 7847 900 129 56
3005 7830 897 129 56
3055 7807 881 129 56
3117 7807 815 129 56
3200 7816 625 130 55
