1086 7934 3 173 59
1086 7934 89 172 59
1086 7934 155 172 59
1086 7934 226 171 60
1086 7934 281 171 60
1086 7934 345 171 61
1086 7934 382 171 62
1086 7934 409 171 62
1117 7946 420 168 63
1127 7941 443 168 63
1141 7941 445 168 63
1164 7933 456 168 63
1184 7933 465 166 62
1203 7933 465 167 61
1228 7933 475 169 61
1252 7933 473 170 60
1275 7933 472 170 60
1298 7940 481 170 60
1322 7950 485 172 59
1336 7965 486 172 59
1344 7979 496 171 60
1349 7994 502 173 60
1349 8009 520 175 60
1339 8023 522 176 61
1325 8035 515 178 61
1313 8044 518 178 61
1301 8050 518 180 61
1288 8050 516 180 61
1275 8050 516 178 61
1257 8050 516 178 61
1235 8050 516 178 61
1216 8044 512 176 61
1202 8038 522 175 61
1195 8030 520 175 61
1186 8016 514 173 61
1176 8001 512 173 62
1176 7989 512 173 62
1176 7976 514 173 62
1176 7963 520 171 62
1176 7951 512 173 62
1176 7936 512 173 62
1185 7925 518 173 62
1196 7915 516 173 62
1208 7894 518 173 61
1220 7872 521 173 61
1232 7852 521 173 60
1238 7833 521 171 60
1238 7809 521 171 60
1238 7784 518 170 59
1238 7760 516 170 60
1238 7739 515 168 59
1223 7719 516 168 59
1210 7699 516 168 59
1198 7683 513 168 59
1182 7670 513 168 60
1167 7659 522 168 60
1148 7652 512 168 60
1125 7652 522 168 60
1107 7644 520 168 60
1091 7644 522 168 59
1081 7649 513 168 59
1076 7658 512 168 59
1076 7673 522 168 59
1066 7693 522 168 60
1058 7709 522 168 60
1058 7725 512 169 61
1058 7736 513 169 61
1058 7746 522 169 61
1065 7756 512 169 61
1073 7762 512 169 61
1088 7767 512 169 61
1103 7767 515 169 61
1116 7767 516 169 61
1130 7767 518 169 61
1146 7767 519 169 61
1162 7756 521 169 61
1171 7742 521 168 60
1177 7725 522 168 60
1183 7705 526 168 60
1190 7683 527 168 60
1199 7663 526 168 60
1208 7645 526 168 60
1222 7633 526 168 60
1244 7620 532 168 60
1271 7614 541 168 60
1304 7614 540 168 59
1336 7614 551 168 59
1370 7622 557 168 59
1400 7635 556 168 59
1422 7647 562 170 60
1437 7662 565 170 60
1442 7679 568 171 60
1448 7700 575 171 60
1448 7718 595 173 60
1443 7734 599 175 60
1429 7746 595 175 60
1410 7754 597 177 60
1388 7754 595 177 60
1372 7754 597 175 60
1352 7748 602 175 60
1328 7735 594 173 60
1318 7721 592 173 60
1312 7706 589 171 60
1312 7688 581 171 60
1312 7672 581 170 60
1319 7657 581 170 60
1332 7641 589 168 59
1349 7628 591 168 59
1371 7617 585 170 60
1403 7611 605 171 60
1442 7611 613 173 60
1477 7604 614 175 60
1511 7604 617 177 60
1534 7609 605 178 60
1550 7609 588 180 60
1557 7618 485 182 60
1557 7618 89 182 59
1557 7618 0 182 59
1538 7638 0 180 59
1521 7653 0 180 59
1521 7665 0 180 59
1521 7675 0 180 59
1521 7685 0 180 58
1530 7694 0 180 58
1530 7711 0 180 58
1541 7733 0 180 57
1546 7754 0 180 57
1546 7776 0 180 57
1546 7798 0 180 56
1546 7815 0 180 56
1539 7830 0 180 57
1539 7840 0 180 57
1539 7840 98 178 57
1539 7840 180 178 58
1539 7840 260 178 58
1539 7840 329 177 58
1539 7840 366 177 58
1539 7840 372 177 58
1539 7840 396 175 58
1539 7840 422 175 59
1537 7803 441 175 59
1537 7777 445 175 59
1537 7751 452 175 59
1547 7724 461 177 59
1552 7698 473 178 59
1552 7670 467 178 59
1570 7646 483 180 60
1583 7624 491 180 60
1596 7612 505 180 60
1614 7604 512 182 60
1634 7598 516 182 60
1658 7593 521 182 59
1682 7593 524 180 59
1705 7598 527 180 59
1729 7604 529 180 59
1747 7615 530 180 59
1760 7629 529 180 59
1769 7646 529 180 59
1774 7663 546 180 59
1774 7678 546 180 59
1766 7691 544 180 59
1756 7702 546 180 59
1746 7711 536 180 59
1740 7716 536 180 59
1740 7716 539 180 59
1740 7716 546 180 59
1740 7716 538 180 59
1740 7716 530 180 59
1740 7707 527 180 59
1740 7698 522 180 59
1751 7683 512 180 59
1759 7667 513 180 59
1769 7648 516 180 59
1779 7634 519 180 59
1790 7623 521 180 59
1806 7614 526 180 59
1826 7608 527 182 59
1844 7608 530 182 59
1860 7608 529 182 59
1873 7608 532 183 59
1887 7620 529 183 58
1896 7635 527 183 58
1902 7650 527 183 58
1902 7665 519 183 59
1902 7680 519 183 59
1902 7694 521 183 59
1902 7704 521 183 59
1902 7713 519 183 59
1911 7721 521 183 59
1917 7728 521 183 59
1924 7728 521 183 59
1931 7728 522 183 59
1943 7728 519 183 59
1960 7728 519 183 59
1980 7728 519 183 59
1989 7728 519 183 59
1996 7728 518 183 59
1996 7728 516 183 59
1996 7728 522 183 59
1986 7728 504 183 59
1972 7728 492 183 59
1950 7721 498 183 59
1927 7712 496 183 59
1903 7702 496 183 59
1890 7689 495 183 59
1883 7675 493 183 59
1883 7661 491 183 59
1883 7647 499 183 59
1898 7631 512 185 59
1915 7620 522 185 59
1937 7613 522 185 59
1963 7607 538 183 59
1992 7607 546 183 59
2022 7607 536 183 58
2053 7613 537 183 58
2082 7621 542 183 58
2109 7632 542 183 58
2121 7645 542 183 58
2128 7660 542 183 58
2128 7674 542 183 58
2121 7688 542 183 58
2114 7699 540 183 58
2106 7705 542 183 58
2099 7705 540 183 58
2092 7710 545 183 58
2086 7710 540 183 58
2086 7704 539 183 58
2081 7697 536 183 58
2081 7685 536 183 58
2087 7670 544 183 58
2097 7656 546 183 58
2108 7643 546 183 58
2116 7632 537 183 58
2126 7619 539 183 58
2138 7608 540 183 58
2164 7603 540 183 58
2200 7603 540 182 58
2229 7603 543 182 58
2260 7613 543 182 58
2276 7624 537 182 58
2282 7640 540 182 58
2282 7657 539 182 58
2277 7676 536 182 58
2277 7692 539 180 58
2277 7704 536 180 58
2277 7713 542 180 58
2277 7722 543 180 58
2277 7722 543 180 58
2277 7722 543 180 58
2286 7722 543 180 58
2304 7722 543 180 58
2328 7722 542 180 58
2352 7722 542 180 58
2375 7722 543 180 58
2398 7716 545 180 58
2421 7716 545 180 58
2434 7716 554 180 58
2434 7716 564 180 58
2434 7716 581 180 58
2421 7722 588 180 58
2400 7728 584 180 58
2373 7728 589 180 58
2343 7728 586 180 58
2315 7722 580 180 58
2289 7714 574 180 58
2275 7702 572 180 58
2268 7688 567 180 58
2268 7675 564 182 58
2273 7658 566 182 58
2286 7640 566 182 58
2298 7623 570 182 58
2315 7609 578 182 58
2337 7596 584 182 58
2365 7596 592 182 58
2397 7596 588 182 58
2432 7596 591 182 58
2465 7602 588 182 57
2493 7615 592 182 57
2502 7633 585 183 57
2502 7658 595 183 57
2497 7682 595 183 57
2486 7702 589 185 57
2470 7714 589 183 57
2453 7719 581 183 57
2445 7719 572 183 57
2437 7708 572 182 58
2437 7696 572 182 58
2447 7680 578 182 58
2460 7662 588 182 58
2477 7644 591 182 58
2497 7627 597 182 58
2511 7613 614 183 58
2535 7602 620 183 58
2565 7594 620 185 57
2575 7594 605 185 57
2580 7594 537 186 57
2574 7594 282 186 57
2574 7594 0 186 57
2517 7610 0 186 57
2473 7635 0 186 57
2422 7667 0 185 57
2360 7705 0 183 57
2294 7741 0 183 56
2235 7776 0 181 56
2181 7807 0 181 55
2130 7834 0 181 54
2082 7860 0 181 54
2035 7886 0 181 54
2020 7907 0 181 53
2020 7925 0 181 53
2020 7934 0 181 54
2032 7934 0 181 54
2045 7934 0 181 54
2057 7934 0 181 55
2057 7934 24 181 55
2057 7934 334 181 56
2057 7934 519 181 56
2057 7934 667 181 56
2057 7934 739 183 56
2057 7934 793 183 56
2057 7934 808 183 56
2057 7934 818 183 56
2057 7934 808 183 56
2057 7934 758 183 56
2057 7934 605 183 56
2057 7934 247 183 56
2057 7934 0 183 56
2057 7934 0 183 56
2057 7934 0 183 56
2009 7911 0 182 57
1980 7904 0 182 57
1950 7895 0 182 57
1929 7885 0 182 57
1912 7878 0 182 57
1880 7872 0 182 57
1854 7872 0 182 57
1833 7872 0 182 57
1810 7872 0 182 57
1793 7879 0 182 57
1780 7879 0 182 58
1764 7887 0 182 58
1754 7894 0 182 58
1747 7903 0 182 58
1747 7909 0 180 58
1742 7909 0 180 58
1742 7909 0 180 58
1749 7914 0 180 58
1749 7914 63 180 58
1749 7914 180 180 57
1749 7914 284 180 57
1777 7920 389 180 57
1777 7920 440 180 57
1782 7920 467 180 57
1782 7920 491 180 57
1782 7920 520 180 56
1782 7912 538 181 56
1782 7912 562 181 56
1776 7904 586 181 56
1767 7904 603 181 56
1754 7898 616 180 56
1742 7898 631 180 56
1737 7898 639 180 56
1737 7898 637 180 56
1737 7898 638 180 56
1737 7905 581 180 56
1746 7905 388 180 56
1746 7905 0 180 56
1762 7913 0 180 56
1769 7924 0 180 56
1761 7930 0 180 56
1744 7936 0 180 56
1723 7931 0 180 56
1693 7922 0 180 56
1657 7912 0 180 55
1624 7902 0 180 55
1594 7887 0 180 55
1566 7875 0 180 55
1541 7865 0 180 55
1520 7856 0 180 56
1507 7844 0 180 56
1507 7844 209 178 57
1507 7844 307 177 57
1507 7844 443 175 58
1507 7844 512 175 59
1507 7844 572 173 59
1507 7844 617 173 59
1507 7844 646 173 59
1566 7821 694 173 59
1604 7816 693 175 59
1644 7816 664 177 59
1685 7816 546 178 59
1723 7821 153 178 59
1723 7821 0 180 58
1765 7842 0 180 58
1758 7865 0 180 58
1751 7893 0 180 58
1769 7934 0 180 57
1804 7974 0 178 57
1913 8004 0 177 56
2046 8027 0 176 56
2195 8059 0 172 57
2344 8090 0 170 58
2474 8103 0 168 59
2592 8103 0 165 61
2703 8087 0 160 63
2796 8066 0 156 64
2877 8037 0 150 65
2919 8006 0 145 65
2925 7973 0 145 64
2907 7949 0 144 62
2856 7930 0 145 59
2793 7892 0 147 56
2723 7854 0 149 55
2700 7844 0 152 54
2688 7853 0 156 53
2682 7865 0 160 52
2660 7873 0 164 52
2655 7873 0 166 53
2661 7878 0 169 54
2676 7878 0 170 56
2687 7885 0 173 56
2696 7892 0 174 57
2702 7901 0 174 56
2707 7901 0 176 56
2707 7901 0 174 56
2707 7907 0 173 55
2701 7907 0 171 55
2695 7907 0 169 54
2695 7907 0 167 54
2690 7907 0 167 54
2690 7907 0 167 54
2690 7907 0 167 55
2690 7907 0 167 55
2690 7907 0 167 55
2690 7907 0 168 55
2684 7901 0 168 55
2684 7901 95 169 57
2684 7901 155 169 57
2684 7901 239 171 57
2684 7901 319 171 57
2725 7896 399 171 57
2746 7896 430 172 57
2771 7896 466 172 57
2803 7896 488 172 57
2833 7903 501 172 57
2857 7914 522 172 57
2878 7929 537 174 57
2899 7944 553 174 57
2911 7969 572 175 57
2918 8000 595 177 57
2904 8018 592 177 57
2885 8034 603 177 58
2862 8044 613 177 58
2840 8049 606 177 58
2819 8049 611 177 58
2802 8040 611 175 58
2793 8027 611 175 58
2786 8008 606 174 58
2786 7986 613 172 58
2786 7949 620 172 58
2795 7902 620 172 58
2810 7866 620 172 58
2823 7829 611 172 58
2823 7791 610 174 58
2823 7761 614 174 58
2823 7735 614 174 58
2823 7697 610 175 58
2812 7684 614 175 58
2797 7672 611 175 58
2774 7651 611 175 58
2744 7642 606 175 58
2709 7637 606 175 58
2688 7637 613 175 58
2670 7637 619 175 58
2658 7647 610 175 57
2653 7659 611 175 57
2653 7679 616 177 57
2653 7698 617 177 57
2653 7715 616 178 58
2665 7731 617 180 58
2674 7740 617 180 58
2684 7746 617 180 58
2696 7746 616 180 58
2715 7746 616 180 58
2734 7746 614 180 58
2751 7738 611 178 58
2774 7727 611 177 58
2790 7712 613 177 58
2802 7691 603 175 58
2814 7672 588 175 58
2823 7656 595 175 58
2829 7641 588 175 58
2838 7628 586 175 58
2847 7618 581 175 58
2858 7609 567 177 57
2871 7609 570 177 57
2886 7609 561 177 57
2900 7618 559 177 57
2910 7633 561 177 57
2918 7650 561 177 57
2924 7668 562 177 57
2930 7688 561 177 57
2937 7701 564 175 57
2944 7712 564 175 57
2951 7719 565 175 57
2958 7725 567 175 57
2976 7730 565 175 57
2998 7730 570 175 57
3027 7735 570 175 57
3045 7735 561 175 57
3056 7735 567 175 57
3068 7735 577 174 57
3068 7735 583 174 57
3061 7740 589 174 57
3061 7740 592 174 57
3045 7740 591 174 57
3020 7740 588 174 57
2994 7731 581 174 57
2967 7721 578 174 57
2939 7707 575 174 57
2934 7690 577 174 57
2934 7674 575 175 57
2934 7658 570 175 57
2943 7646 578 175 57
2958 7636 583 175 57
2982 7628 588 175 57
3012 7623 592 175 57
3047 7623 591 175 57
3078 7623 586 175 57
3107 7623 592 175 57
3141 7634 592 174 56
3157 7647 599 174 56
3157 7660 603 174 56
3157 7675 609 174 57
3144 7691 613 174 57
3130 7709 614 174 57
3120 7723 617 174 57
3105 7728 616 174 57
3087 7728 614 174 57
3087 7728 614 174 57
3087 7728 609 174 57
3087 7717 611 174 57
3093 7703 614 174 57
3102 7687 616 174 57
3117 7670 620 174 57
3137 7654 611 174 57
3161 7642 617 174 57
3187 7633 627 174 57
3218 7624 634 174 57
3249 7624 638 172 57
3275 7624 641 172 57
3290 7624 644 173 56
3297 7637 650 173 56
3297 7656 652 173 56
3297 7677 665 173 56
3287 7699 668 173 56
3282 7723 668 172 57
3271 7741 671 172 57
3255 7754 673 172 57
3246 7760 664 172 57
3241 7760 673 172 57
3241 7754 668 172 57
3241 7745 670 172 57
3248 7730 664 172 57
3255 7711 670 172 57
3266 7691 671 172 57
3285 7671 670 172 57
3302 7651 673 172 57
3315 7637 671 172 57
3334 7627 664 172 57
3349 7627 669 171 57
3362 7627 673 171 57
3375 7634 675 171 56
3384 7649 676 171 56
3389 7670 676 171 56
3389 7695 679 171 56
3389 7715 676 173 56
3389 7733 679 173 56
3379 7747 679 172 57
3372 7755 676 172 57
3372 7755 673 172 57
3372 7755 669 172 57
3372 7748 664 172 57
3372 7739 664 172 57
3381 7718 666 172 57
3388 7690 673 172 57
3396 7670 664 172 57
3405 7652 667 172 57
3420 7636 669 172 57
3438 7627 672 172 57
3458 7627 670 172 57
3484 7627 670 173 56
3502 7638 673 173 56
3513 7654 666 173 56
3513 7673 670 173 56
3513 7698 670 173 56
3501 7719 667 173 56
3484 7734 667 173 56
3471 7744 664 173 56
3465 7744 659 172 57
3465 7744 652 172 57
3465 7744 646 172 57
3465 7730 644 172 57
3465 7716 646 172 57
3474 7697 646 172 57
3486 7679 650 171 57
3501 7661 652 171 57
3519 7648 655 172 57
3544 7638 659 172 57
3575 7638 658 173 56
3611 7638 659 174 56
3637 7649 664 174 56
3656 7668 671 174 56
3664 7697 662 176 56
3658 7732 655 176 56
3643 7774 653 176 56
3616 7816 649 176 56
3592 7857 646 176 56
3575 7883 650 176 56
3564 7907 652 176 56
3559 7915 650 176 55
3559 7915 650 174 55
3559 7907 647 175 54
3554 7887 650 175 54
3554 7858 650 173 54
3554 7821 652 173 54
3563 7783 652 173 54
3576 7744 650 174 55
3592 7712 652 174 55
3613 7685 655 174 55
3636 7659 659 176 56
3657 7641 661 177 56
3680 7628 664 177 56
3707 7622 664 179 56
3736 7622 664 180 56
3766 7632 664 180 56
3794 7647 665 180 56
3806 7667 659 180 56
3806 7691 653 180 56
3797 7720 646 180 56
3777 7746 650 180 56
3751 7765 650 180 56
3734 7775 650 179 56
3722 7775 644 179 56
3722 7775 641 180 56
3722 7775 641 180 56
3722 7761 641 180 56
3722 7747 646 180 56
3731 7726 650 180 56
3744 7704 653 181 56
3765 7686 664 181 56
3786 7671 670 180 56
3807 7663 666 180 56
3827 7663 676 180 56
3846 7663 678 180 56
3889 7663 678 180 56
3927 7663 676 180 56
3961 7680 673 180 56
3983 7691 673 180 55
3993 7703 672 180 55
3993 7718 673 180 56
3987 7735 675 180 56
3979 7751 675 181 56
3969 7765 673 181 56
3958 7777 664 181 56
3946 7788 664 181 56
3936 7794 661 181 56
3926 7794 656 181 56
3920 7794 655 181 56
3911 7788 652 181 56
3902 7778 653 181 55
3902 7764 653 181 55
3897 7743 650 181 55
3897 7722 652 181 56
3908 7702 652 181 56
3917 7683 653 181 56
3933 7672 653 181 56
3947 7665 659 181 56
3958 7665 668 181 56
3966 7665 673 181 56
3975 7665 664 180 56
3990 7665 664 180 56
4005 7665 666 180 55
4019 7673 667 180 55
4031 7680 667 180 55
4031 7689 669 180 55
4039 7689 670 180 55
4045 7699 670 180 56
4050 7706 670 180 56
4050 7714 670 180 56
4050 7722 669 180 56
4060 7733 666 180 56
4065 7745 667 180 56
4065 7753 667 179 56
4076 7760 673 179 56
4086 7766 661 179 56
4097 7771 647 179 56
4125 7771 645 179 56
4153 7771 631 179 56
4182 7771 633 179 56
4204 7777 638 179 56
4213 7777 641 179 56
4213 7777 637 179 56
4213 7777 643 179 55
4203 7782 643 179 55
4193 7782 641 179 55
4169 7782 641 179 55
4144 7782 636 179 55
4118 7770 647 179 55
4097 7758 641 179 55
4078 7741 639 179 56
4061 7723 628 179 56
4049 7706 624 179 56
4049 7690 628 179 56
4061 7676 630 179 56
4082 7666 636 179 56
4106 7659 639 179 56
4134 7659 641 179 56
4163 7659 641 179 56
4191 7659 645 179 55
4215 7674 645 179 55
4240 7686 645 179 55
4251 7699 645 179 55
4251 7714 641 179 55
4244 7731 638 179 55
4228 7742 636 179 56
4208 7749 631 179 56
4208 7749 634 179 56
4208 7741 647 179 56
4208 7730 640 179 56
4223 7715 658 179 56
4239 7702 667 179 56
4260 7688 690 179 56
4287 7678 696 179 56
4314 7669 699 177 56
4338 7663 696 177 56
4361 7663 678 177 56
4370 7658 602 177 56
4370 7658 254 177 55
4370 7658 0 177 55
4299 7668 0 177 55
4208 7689 0 177 55
4076 7720 0 177 55
3875 7748 0 177 55
3629 7771 0 177 54
3343 7790 0 177 53
3050 7803 0 176 52
2752 7812 0 175 51
2462 7812 0 174 50
2220 7812 0 173 49
2010 7820 0 172 49
1826 7830 0 172 49
1652 7838 0 172 49
1484 7846 0 170 50
1350 7857 0 170 51
1232 7869 0 170 52
1125 7874 0 169 53
1041 7874 0 169 53
1041 7874 58 167 55
948 7867 208 166 56
948 7867 267 166 56
1000 7880 387 164 57
1076 7886 465 164 57
1208 7897 546 164 57
1387 7911 581 164 57
1597 7911 611 166 57
1869 7911 620 168 56
2166 7911 622 169 57
2480 7905 617 171 56
2785 7896 616 173 56
3046 7882 617 174 56
3277 7869 602 177 55
3462 7854 595 179 55
3602 7839 591 179 55
3713 7822 595 180 54
3781 7806 594 180 54
3806 7793 589 180 54
3806 7782 592 180 55
3786 7768 602 180 55
3730 7750 597 181 55
3649 7727 586 181 55
3550 7703 541 181 55
3421 7680 474 180 55
3273 7665 417 180 56
3095 7656 396 179 56
2892 7645 393 179 56
2673 7638 412 177 56
2441 7638 420 176 56
2243 7638 465 175 57
2067 7638 488 174 57
1945 7650 491 174 57
1867 7659 526 174 58
1819 7670 546 174 58
1791 7680 567 175 58
1791 7689 572 175 58
1799 7699 584 175 59
1841 7712 591 177 59
1937 7728 588 177 59
2070 7746 599 177 59
2247 7765 614 177 59
2448 7785 610 175 59
2664 7800 613 177 59
2903 7816 613 177 58
3129 7828 614 177 58
3345 7834 617 177 57
3544 7834 613 177 57
3747 7841 610 177 56
3927 7850 611 177 56
4089 7861 611 179 55
4209 7861 613 179 55
4295 7868 613 179 55
4358 7868 620 180 54
4390 7868 617 180 54
4404 7863 631 180 54
4404 7863 641 180 54
4404 7863 650 180 53
4398 7863 655 180 53
4398 7863 653 179 53
4391 7863 641 179 53
4385 7857 631 179 53
4378 7857 600 179 53
4378 7851 556 179 53
4370 7851 441 179 53
4363 7851 58 179 53
4363 7851 0 179 53
4345 7868 0 179 53
4336 7885 0 179 53
4323 7902 0 179 53
4306 7913 0 179 53
4297 7913 0 179 53
4289 7913 0 179 53
4284 7913 0 179 53
4278 7913 0 179 53
4278 7913 0 179 53
4278 7913 0 179 52
4278 7913 110 179 52
4278 7913 215 179 52
4278 7913 344 179 52
4278 7942 447 179 52
4278 7942 481 179 52
4273 7942 509 179 52
4273 7942 537 179 52
4273 7928 567 179 52
4268 7910 581 179 52
4262 7888 595 179 52
4262 7865 599 179 52
4252 7843 603 179 53
4244 7825 602 179 53
4236 7809 589 179 53
4236 7795 519 179 54
4236 7789 425 179 54
4236 7789 225 179 54
4236 7789 0 179 54
4263 7811 0 179 54
4278 7836 0 179 54
4293 7868 0 179 54
4307 7899 0 179 54
4313 7924 0 179 54
4313 7943 0 179 54
4313 7943 0 179 54
4313 7943 106 179 53
4313 7943 191 179 53
4313 7943 309 179 53
4313 7943 377 179 52
4313 7943 442 179 52
4313 7943 522 179 52
4323 7907 565 179 52
4323 7887 606 179 52
4323 7864 636 179 52
4323 7845 670 179 53
4317 7827 672 179 53
4317 7811 687 179 53
4311 7798 687 179 54
4306 7788 662 179 54
4306 7782 567 179 54
4300 7782 279 179 55
