1239 8249 122 151 72
1239 8249 225 153 71
1239 8249 301 150 71
1239 8249 369 150 71
1239 8249 398 150 71
1239 8249 418 152 70
1247 8220 465 152 70
1247 8200 522 152 70
1247 8174 536 152 70
1247 8132 564 150 71
1258 8079 589 150 71
1258 8006 595 148 70
1258 7933 592 148 70
1258 7861 605 148 70
1258 7811 609 148 70
1258 7786 613 148 70
1263 7778 667 148 70
1263 7783 705 145 70
1263 7813 711 145 70
1263 7860 724 147 69
1253 7926 700 147 69
1237 8005 693 147 69
1214 8092 696 147 69
1207 8162 691 147 69
1207 8206 696 147 69
1207 8233 699 147 69
1222 8247 699 147 69
1249 8262 696 147 69
1284 8279 696 149 69
1328 8295 690 149 69
1374 8308 688 149 69
1407 8308 684 149 69
1429 8295 691 151 68
1435 8269 699 153 69
1418 8228 697 153 69
1386 8178 708 153 69
1332 8121 710 153 69
1282 8071 710 153 69
1240 8037 696 152 70
1216 8012 700 152 70
1205 8012 659 148 70
1214 8012 634 148 70
1228 8019 633 143 70
1259 8025 634 143 70
1301 8030 645 143 70
1336 8030 649 141 70
1361 8021 658 141 70
1380 8007 667 141 70
1398 7989 658 143 70
1409 7971 642 143 70
1416 7954 540 143 70
1443 7936 325 146 71
1443 7936 0 146 71
1540 7944 0 146 71
1592 7971 0 148 71
1628 7996 0 148 71
1654 8019 0 148 71
1669 8037 0 148 71
1674 8049 0 148 71
1674 8049 279 148 71
1674 8049 389 148 71
1630 8064 417 148 71
1596 8074 498 148 71
1571 8074 512 148 71
1552 8074 504 151 72
1539 8074 491 153 71
1527 8045 483 153 71
1514 8008 464 153 71
1509 7969 455 153 71
1509 7932 438 153 71
1521 7906 422 153 71
1537 7887 425 153 71
1558 7887 430 152 70
1580 7892 444 152 70
1608 7910 442 152 70
1628 7935 445 153 69
1643 7959 466 155 69
1637 7983 468 154 70
1630 7989 472 154 70
1622 7989 468 157 71
1629 7989 440 155 71
1638 7969 417 155 71
1655 7939 397 154 72
1678 7908 398 154 72
1699 7883 384 151 72
1713 7863 349 151 72
1723 7850 307 153 71
1738 7844 233 153 71
1756 7844 96 153 71
1756 7844 0 154 70
1800 7878 0 154 70
1826 7909 0 154 70
1853 7937 0 154 70
1878 7961 0 154 70
1878 7961 73 154 70
1878 7961 182 153 71
1891 7991 207 153 71
1876 7991 276 153 71
1854 7991 334 148 71
1827 7985 359 148 71
1799 7975 369 148 71
1770 7963 369 148 71
1752 7947 371 151 72
1735 7928 361 151 72
1735 7902 354 151 72
1735 7876 348 151 72
1753 7852 341 153 71
1780 7841 341 153 71
1814 7841 358 153 71
1840 7841 369 153 71
1861 7855 413 154 70
1878 7869 433 154 70
1878 7887 453 154 70
1878 7902 460 155 69
1872 7912 463 155 69
1872 7912 455 155 69
1872 7895 423 155 69
1881 7870 388 156 68
1891 7841 374 156 68
1903 7813 384 155 69
1913 7787 394 155 69
1913 7760 405 155 69
1913 7737 405 154 70
1896 7717 379 154 70
1884 7703 232 154 70
1884 7703 0 154 70
1867 7695 0 154 70
1867 7706 0 154 70
1862 7728 0 154 70
1862 7755 0 154 70
1853 7781 0 153 69
1844 7804 0 154 68
1832 7809 0 154 68
1817 7804 0 152 68
1798 7788 0 153 67
1798 7788 363 153 67
1760 7763 377 153 67
1751 7763 422 154 68
1751 7763 473 154 68
1765 7763 495 153 69
1797 7770 493 155 69
1843 7784 485 154 70
1894 7802 420 154 70
1939 7819 280 154 70
1975 7836 18 154 70
1975 7836 0 154 70
2017 7864 0 154 70
2017 7877 0 154 70
2003 7892 0 155 69
2003 7912 0 155 69
1997 7937 0 155 69
1997 7965 0 155 69
2006 7990 0 153 69
2014 8000 0 152 70
2014 8000 315 152 70
2014 8000 410 148 70
2014 8000 415 148 70
2014 8000 502 146 71
1996 7972 537 146 71
1996 7952 562 146 71
2001 7925 561 148 71
2012 7894 565 148 71
2030 7862 546 150 71
2055 7847 513 150 71
2087 7847 505 152 70
2124 7859 489 152 70
2163 7889 496 152 70
2199 7928 485 153 69
2212 7961 485 153 69
2212 7991 455 152 70
2201 8010 327 152 70
2191 8021 75 152 70
2191 8021 0 150 71
2181 8005 0 150 71
2181 7998 0 150 71
2190 7991 0 148 71
2204 7984 0 148 71
2218 7984 0 144 72
2231 7984 0 144 72
2241 7984 0 144 72
2241 7972 0 144 72
2241 7972 402 144 72
2241 7972 455 144 72
2241 7972 530 144 72
2253 7940 543 144 72
2275 7940 545 144 72
2311 7947 526 146 71
2349 7955 473 146 71
2376 7968 372 146 71
2396 7985 250 148 71
2407 8006 153 148 71
2402 8026 168 148 71
2385 8043 200 148 71
2365 8043 317 151 72
2346 8043 425 153 71
2327 8023 494 153 71
2308 7992 521 153 71
2308 7952 540 153 71
2308 7912 544 153 71
2316 7882 536 150 71
2335 7859 537 150 71
2359 7854 536 150 71
2387 7859 518 152 70
2422 7872 443 154 70
2455 7910 349 154 70
2487 7955 142 155 69
2487 7955 0 155 69
2545 8059 0 158 70
2564 8116 0 158 70
2576 8176 0 158 70
2576 8219 0 160 70
2576 8219 222 160 70
2576 8219 317 160 70
2529 8216 366 160 70
2504 8198 524 160 70
2481 8161 620 160 70
2461 8112 681 160 70
2447 8061 720 160 70
2447 8003 736 158 70
2466 7945 739 158 70
2486 7887 728 158 70
2513 7849 682 158 70
2553 7824 551 160 70
2591 7806 32 160 70
2591 7806 0 160 70
2657 7839 0 163 70
2687 7890 0 163 70
2717 7960 0 163 70
2769 8043 0 160 70
2844 8133 0 158 70
2935 8184 0 155 69
3032 8210 0 153 69
3129 8197 0 151 68
3210 8181 0 147 69
3280 8151 0 147 69
3296 8112 0 147 69
3271 8084 0 149 69
3218 8066 0 152 70
3151 8055 0 153 69
3085 8055 0 155 69
3045 8069 0 155 69
3021 8085 0 155 69
3021 8100 0 155 69
3028 8116 0 155 69
3037 8135 0 155 69
3048 8155 0 153 69
3048 8155 245 155 69
3054 8187 397 155 69
3054 8200 517 156 68
3043 8206 613 156 68
3036 8206 636 156 68
3036 8201 636 158 67
3036 8191 671 158 67
3036 8147 669 160 68
3031 8081 666 160 68
3031 8017 662 160 68
3038 7956 624 159 69
3043 7909 580 156 68
3048 7871 512 156 68
3048 7864 369 156 68
3048 7864 0 158 67
3033 7895 0 155 67
3019 7939 0 155 67
3001 8001 0 155 67
2980 8074 0 153 67
2946 8154 0 153 67
2904 8230 0 153 67
2859 8299 0 153 67
2821 8331 0 153 67
2797 8340 0 153 67
2781 8330 0 153 67
2781 8330 464 153 67
2781 8330 496 154 66
2781 8330 570 156 66
2781 8330 655 156 66
2809 8322 714 157 65
2854 8331 727 160 66
2911 8339 746 160 66
2980 8351 748 160 66
3054 8366 733 160 66
3120 8366 699 160 66
3178 8343 655 160 65
3202 8308 645 160 65
3202 8260 631 160 65
3183 8211 638 160 65
3147 8164 636 160 65
3103 8135 670 160 66
3054 8116 673 160 66
3000 8111 673 160 66
2941 8111 662 159 67
2879 8123 636 159 67
2835 8135 520 159 67
2812 8146 259 159 67
2812 8146 0 159 67
2813 8152 0 159 67
2842 8142 0 158 67
2884 8132 0 158 67
2941 8118 0 158 67
3001 8102 0 155 67
3065 8090 0 154 68
3129 8072 0 154 68
3180 8047 0 152 68
3221 8029 0 151 68
3221 8011 0 151 68
3221 8011 410 149 69
3158 7983 488 149 69
3130 7983 512 152 70
3121 7975 540 152 70
3121 7970 541 152 70
3144 7964 515 152 70
3167 7964 512 152 70
3199 7964 471 152 70
3236 7974 404 153 69
3269 7990 351 153 69
3281 8010 317 153 69
3281 8034 276 153 69
3262 8051 304 153 69
3233 8062 334 153 69
3197 8062 412 153 69
3173 8048 456 153 69
3153 8025 488 153 69
3147 7995 491 153 69
3147 7961 504 153 69
3165 7937 512 153 69
3186 7921 512 153 69
3216 7914 510 153 69
3245 7914 438 154 68
3272 7924 190 154 68
3272 7924 0 152 68
3324 7973 0 153 67
3344 7999 0 153 67
3359 8022 0 152 68
3371 8040 0 154 68
3380 8047 0 154 68
3380 8047 180 153 69
3380 8047 337 155 69
3380 8047 402 155 69
3371 8002 514 155 69
3366 7980 546 155 69
3361 7956 556 155 69
3372 7931 551 155 69
3384 7906 537 155 69
3398 7883 522 155 69
3411 7876 510 154 68
3411 7876 519 155 67
3411 7890 512 155 67
3400 7919 515 156 66
3392 7960 521 156 66
3392 7999 538 156 66
3392 8032 537 156 66
3406 8052 540 159 67
3426 8064 530 158 67
3456 8064 519 158 67
3493 8064 418 156 68
3534 8058 265 159 69
3534 8058 0 159 69
3601 8038 0 159 69
3618 8032 0 159 69
3618 8032 0 161 69
3604 8027 0 161 69
3582 8027 0 160 70
3560 8017 0 160 70
3543 8006 0 160 70
3529 7990 0 160 70
3529 7990 329 160 70
3520 7961 415 160 70
3520 7952 533 158 70
3520 7952 603 158 70
3539 7944 630 158 70
3555 7944 631 155 69
3587 7949 628 155 69
3630 7962 613 158 70
3659 7982 553 158 70
3688 8006 491 158 70
3701 8029 377 160 70
3701 8050 312 160 70
3682 8068 296 163 70
3657 8068 344 164 69
3628 8056 456 164 69
3606 8024 529 164 69
3587 7988 592 164 69
3578 7947 619 164 69
3578 7909 641 161 69
3588 7883 641 161 69
3607 7862 644 162 68
3635 7851 643 160 68
3669 7851 581 160 68
3707 7864 399 161 67
3707 7864 0 159 67
3775 7930 0 159 67
3798 7973 0 159 67
3810 8020 0 159 67
3822 8063 0 158 67
3827 8096 0 158 67
3827 8102 0 155 67
3821 8091 0 154 68
3821 8091 504 154 68
3786 8062 564 154 68
3780 8057 641 154 68
3780 8057 697 156 68
3780 8057 717 156 68
3797 8057 725 156 68
3832 8057 708 160 68
3880 8063 702 160 68
3919 8072 673 160 68
3945 8080 636 160 68
3961 8080 622 160 68
3954 8080 613 160 68
3933 8054 611 160 68
3902 8020 617 160 68
3871 7981 616 160 68
3842 7942 630 160 68
3829 7906 638 160 68
3829 7872 644 160 68
3829 7855 650 160 68
3834 7838 670 160 68
3847 7833 671 158 67
3867 7833 650 159 67
3891 7846 591 159 67
3916 7863 371 159 67
3916 7863 0 156 66
3957 7907 0 160 66
3957 7929 0 159 67
3957 7949 0 159 67
3952 7973 0 159 67
3945 7991 0 158 67
3927 8006 0 158 67
3908 8006 0 156 68
3887 7988 0 153 69
3887 7988 546 153 69
3844 7958 631 152 70
3844 7958 733 154 70
3844 7958 797 154 70
3857 7958 812 154 70
3886 7965 805 158 70
3927 7972 762 158 70
3965 7984 586 158 70
3965 7984 0 158 70
4018 8018 0 158 70
4008 8036 0 159 69
3973 8053 0 159 69
3922 8079 0 159 69
3859 8110 0 156 68
3765 8151 0 156 68
3649 8192 0 156 68
3543 8213 0 156 68
3443 8222 0 156 68
3373 8214 0 156 68
3321 8203 0 156 68
3271 8190 0 158 67
3239 8177 0 158 67
3219 8164 0 158 67
3210 8149 0 158 67
3210 8149 527 155 67
3210 8123 589 155 67
3210 8123 710 153 67
3236 8123 837 153 67
3273 8128 899 153 67
3310 8138 912 155 67
3360 8153 905 155 67
3418 8174 853 156 66
3472 8198 628 159 67
3472 8198 0 159 67
3583 8244 0 159 67
3600 8261 0 161 67
3595 8272 0 161 67
3587 8267 0 164 66
3587 8253 0 166 66
3602 8224 0 168 68
3618 8189 0 170 68
3633 8149 0 170 68
3646 8109 0 172 69
3659 8075 0 175 69
3671 8045 0 175 70
3688 8021 0 175 70
3688 8021 691 174 71
3741 7997 666 174 71
3765 8002 670 171 71
3826 8014 687 169 71
3915 8038 676 166 70
3991 8071 634 166 70
4048 8102 652 166 69
4092 8131 700 164 69
4105 8155 711 164 69
4057 8188 751 165 68
3968 8226 767 165 68
3793 8251 815 165 68
3533 8272 833 165 68
3216 8263 857 168 68
2841 8236 899 168 68
2470 8170 965 167 69
2101 8081 986 167 69
1814 7978 1011 165 68
1637 7856 1008 164 69
1534 7755 991 163 70
1567 7669 1006 166 70
1740 7595 1018 165 71
2005 7563 1023 165 71
2389 7558 1023 165 71
2815 7610 1023 165 71
3269 7682 1023 166 70
3639 7768 1023 166 70
3899 7850 1023 166 69
4086 7927 1023 166 69
4126 7996 1023 164 69
4022 8058 1023 165 68
3821 8079 1023 165 68
3414 8073 1023 165 68
2935 8009 1023 165 68
2408 7927 1023 164 69
1968 7833 1023 166 69
1649 7752 1023 166 70
1411 7699 993 166 70
1348 7666 970 165 71
1422 7666 974 165 71
1588 7666 994 162 71
1943 7679 989 162 71
2429 7716 983 162 71
3003 7760 867 162 71
3594 7809 475 162 71
