1642 8321 179 139 71
1680 8364 186 139 69
1675 8364 214 137 69
1675 8364 272 139 68
1669 8364 316 137 67
1648 8334 341 135 67
1616 8288 396 137 66
1560 8193 428 137 66
1503 8087 440 137 66
1445 7974 471 135 67
1406 7874 481 135 67
1369 7797 494 133 67
1339 7736 496 133 67
1331 7712 488 131 68
1331 7718 488 130 67
1348 7745 492 126 67
1377 7829 481 126 67
1416 7957 483 126 67
1462 8114 495 124 66
1502 8239 495 128 66
1530 8337 491 128 66
1552 8418 505 130 67
1577 8477 530 131 67
1598 8498 536 133 67
1615 8498 570 135 67
1643 8460 586 135 67
1683 8397 614 137 66
1730 8315 619 137 66
1781 8232 628 137 66
1832 8158 638 138 65
1883 8091 645 137 66
1914 8044 650 135 65
1932 8000 670 135 65
1925 7959 696 133 66
1891 7917 697 133 66
1839 7880 694 133 66
1748 7847 700 131 67
1635 7824 694 131 67
1508 7818 693 131 67
1408 7824 702 131 67
1344 7845 716 130 66
1305 7864 711 130 66
1297 7883 707 132 65
1297 7902 702 132 65
1311 7920 697 132 65
1336 7957 694 130 65
1383 8006 696 130 65
1436 8040 691 130 65
1537 8070 703 130 65
1669 8081 727 130 65
1873 8081 755 130 65
2131 8081 794 132 65
2424 8115 821 132 65
2748 8163 824 132 65
3005 8189 797 135 65
3217 8189 716 135 65
3370 8172 397 137 66
3370 8172 0 138 65
3500 8096 0 140 66
3475 8096 0 140 66
3419 8122 0 139 67
3341 8190 0 139 67
3284 8258 0 139 67
3203 8327 0 137 67
3142 8363 0 135 67
3102 8379 0 132 65
2989 8379 0 130 65
2891 8367 0 127 63
2804 8352 0 126 61
2714 8335 0 123 59
2617 8318 0 121 58
2515 8297 0 120 58
2433 8272 0 121 59
2366 8244 0 120 60
2310 8218 0 120 62
2271 8208 0 121 63
2253 8208 0 120 64
2248 8241 0 123 65
2259 8274 0 124 66
2272 8309 0 124 66
2297 8346 0 123 65
2328 8365 0 125 65
2374 8375 0 124 64
2385 8375 0 125 64
2372 8375 0 127 63
2372 8380 0 127 63
2372 8380 218 130 63
2372 8380 304 130 63
2312 8385 302 130 63
2268 8385 334 132 63
2234 8374 400 130 62
2195 8359 448 130 62
2147 8313 475 130 62
2093 8249 504 132 61
2046 8172 516 130 62
2021 8107 535 130 62
2010 8049 541 129 61
2025 8028 544 127 62
2057 8034 561 127 62
2101 8057 595 127 62
2175 8128 603 127 62
2234 8215 613 127 62
2282 8314 611 126 61
2330 8424 620 127 62
2361 8504 634 127 62
2381 8564 649 127 62
2381 8577 665 129 63
2388 8559 694 129 63
2388 8520 719 130 62
2394 8431 727 132 63
2389 8325 730 132 63
2379 8209 730 132 63
2364 8111 728 132 63
2343 8026 727 132 63
2319 7950 733 132 63
2298 7874 728 129 63
2282 7845 719 129 63
2282 7845 716 129 63
2282 7855 716 127 62
2309 7895 714 126 62
2336 7957 721 126 62
2370 8020 728 126 62
2403 8085 740 126 62
2434 8144 748 126 62
2454 8199 749 127 63
2468 8235 748 127 63
2479 8271 755 127 63
2490 8286 755 129 64
2490 8286 749 129 64
2490 8278 757 129 64
2490 8264 750 130 63
2498 8239 750 130 63
2505 8209 751 130 63
2505 8179 757 132 63
2505 8150 756 132 63
2505 8121 753 130 63
2505 8107 756 130 63
2512 8099 757 130 63
2518 8099 753 130 63
2525 8099 762 130 63
2538 8120 762 130 63
2553 8155 762 130 63
2569 8195 760 130 63
2576 8230 763 130 63
2582 8252 762 130 63
2582 8266 762 130 63
2589 8266 754 132 64
2589 8266 757 132 64
2597 8256 759 132 64
2609 8239 759 132 64
2621 8218 757 132 64
2634 8199 754 132 64
2648 8189 756 132 64
2658 8184 760 132 64
2667 8184 774 132 64
2680 8194 777 132 64
2695 8208 779 132 64
2712 8238 787 130 63
2731 8278 788 130 63
2746 8326 784 130 63
2757 8382 787 130 63
2763 8443 780 130 63
2763 8508 780 130 63
2768 8557 779 130 63
2768 8583 779 130 63
2768 8594 780 130 63
2768 8599 784 130 63
2768 8599 782 130 63
2768 8599 776 130 63
2768 8591 771 130 63
2768 8581 776 130 63
2768 8553 771 130 63
2761 8514 771 130 63
2761 8457 773 130 63
2753 8407 771 130 63
2753 8362 768 130 63
2753 8315 770 130 63
2753 8286 768 130 63
2763 8270 754 130 63
2774 8255 750 132 64
2786 8246 763 132 64
2803 8240 763 132 64
2818 8234 758 132 64
2832 8234 760 132 64
2845 8234 757 132 64
2858 8255 758 133 65
2872 8283 749 133 65
2885 8317 748 133 65
2897 8349 740 133 65
2905 8374 739 133 65
2905 8384 734 133 65
2905 8384 733 133 65
2905 8384 730 133 65
2905 8384 728 133 65
2905 8378 728 133 65
2905 8372 728 133 65
2905 8361 725 133 65
2905 8342 722 133 65
2905 8327 733 133 65
2905 8315 717 135 64
2905 8304 708 135 64
2911 8294 700 135 64
2919 8285 688 135 64
2929 8285 678 135 64
2943 8285 675 135 64
2959 8295 664 133 63
2974 8304 664 133 63
2988 8319 666 133 63
3001 8337 666 133 63
3014 8353 664 133 63
3023 8369 667 133 63
3030 8383 675 133 63
3030 8389 694 133 63
3030 8389 697 133 63
3030 8389 707 133 63
3020 8389 705 133 63
3008 8389 707 133 63
2992 8376 711 133 63
2980 8360 710 133 63
2968 8339 711 133 63
2960 8321 710 133 63
2960 8308 707 133 63
2960 8293 700 133 63
2970 8281 699 133 63
2978 8270 696 133 63
2992 8270 691 133 63
3007 8265 690 133 63
3022 8265 691 133 63
3041 8278 696 133 63
3058 8297 693 133 63
3073 8322 696 133 63
3088 8350 696 133 63
3104 8376 697 133 63
3118 8397 707 133 63
3130 8411 713 133 63
3146 8421 708 133 63
3155 8421 707 133 63
3160 8421 710 133 63
3167 8416 716 133 63
3167 8406 717 133 63
3167 8390 731 133 63
3167 8370 720 133 63
3157 8345 733 133 63
3147 8320 733 133 63
3136 8295 733 133 63
3136 8279 727 133 63
3136 8267 728 133 63
3136 8259 728 133 63
3150 8259 728 133 63
3166 8266 724 133 63
3187 8282 722 132 63
3207 8302 727 132 63
3225 8326 727 132 63
3239 8350 728 132 63
3250 8374 728 132 63
3260 8395 733 132 63
3260 8408 737 132 63
3270 8417 745 133 63
3279 8423 745 133 63
3279 8423 745 133 63
3279 8428 748 133 63
3293 8434 748 133 63
3306 8434 746 133 63
3322 8434 743 133 63
3339 8429 740 133 63
3350 8421 745 133 63
3357 8407 742 133 63
3357 8386 745 133 63
3357 8363 745 133 63
3348 8340 742 133 63
3341 8318 740 133 63
3336 8306 740 133 63
3336 8301 740 133 63
3336 8296 739 133 63
3346 8296 745 133 63
3355 8296 745 133 63
3367 8296 745 133 63
3384 8302 745 133 63
3404 8314 748 133 63
3426 8327 740 133 63
3442 8342 740 135 64
3456 8358 737 135 64
3472 8375 740 135 64
3481 8390 739 135 64
3481 8402 740 135 64
3489 8413 739 135 64
3489 8423 742 135 64
3489 8434 745 135 64
3489 8444 745 135 64
3481 8454 743 135 64
3468 8461 746 135 64
3458 8461 748 135 64
3446 8453 755 135 64
3433 8435 758 135 64
3425 8410 757 135 64
3417 8385 757 135 64
3417 8357 757 137 63
3417 8332 748 135 64
3417 8308 740 135 64
3426 8302 733 135 64
3433 8296 728 135 64
3441 8289 730 135 64
3449 8289 730 135 64
3463 8297 731 135 64
3482 8313 730 135 64
3508 8333 731 135 64
3534 8357 737 135 64
3560 8378 746 137 65
3587 8396 755 137 65
3612 8406 753 137 65
3625 8401 767 138 65
3631 8386 780 140 65
3639 8362 783 140 65
3639 8337 790 140 65
3630 8310 794 142 65
3624 8290 783 142 65
3624 8274 751 142 65
3624 8263 666 142 65
3624 8256 423 142 65
3624 8256 0 140 66
3636 8249 0 140 66
3626 8257 0 140 66
3607 8273 0 140 66
3595 8296 0 140 66
3584 8325 0 139 67
3579 8359 0 139 67
3579 8359 0 139 67
3579 8359 504 139 67
3579 8359 543 139 67
3579 8359 591 139 67
3613 8356 597 139 67
3632 8356 560 139 67
3656 8365 418 140 66
3668 8370 15 140 66
3668 8370 0 140 66
3641 8392 0 140 66
3605 8413 0 140 66
3557 8434 0 140 66
3500 8462 0 140 66
3432 8494 0 140 66
3368 8524 0 138 65
3313 8549 0 138 65
3262 8564 0 137 65
3217 8572 0 133 63
3172 8577 0 133 62
3128 8577 0 132 61
3083 8570 0 131 61
3038 8558 0 129 60
2995 8543 0 128 59
2955 8529 0 128 59
2939 8529 0 126 60
2928 8537 0 126 60
2933 8557 0 126 60
2933 8557 247 125 60
2946 8611 337 126 61
2946 8633 405 126 61
2946 8653 441 126 62
2946 8667 402 126 62
2954 8675 239 127 63
2954 8675 0 127 63
2959 8675 0 129 64
2945 8664 0 129 64
2921 8655 0 129 64
2894 8647 0 129 64
2863 8639 0 127 63
2828 8620 0 127 63
2806 8597 0 126 62
2787 8566 0 126 62
2777 8543 0 127 62
2777 8543 346 126 61
2769 8511 398 127 62
2764 8511 455 127 62
2779 8521 496 127 62
2797 8521 505 129 63
2829 8521 448 129 63
2869 8521 277 130 63
2869 8521 0 130 63
2919 8519 0 130 63
2933 8532 0 130 63
2945 8562 0 130 63
2960 8595 0 130 63
2994 8631 0 129 63
3038 8652 0 129 63
3073 8666 0 129 63
3073 8666 334 127 62
3104 8658 505 127 62
3085 8651 563 129 61
3071 8645 624 130 62
3071 8628 665 129 63
3063 8599 650 129 63
3055 8562 588 129 63
3055 8527 418 130 63
3055 8527 0 130 63
3036 8490 0 130 63
3017 8499 0 130 63
2985 8524 0 130 63
2951 8561 0 129 63
2916 8589 0 130 62
2892 8615 0 129 61
2872 8635 0 129 60
2815 8647 0 127 59
2732 8647 0 127 57
2638 8625 0 127 56
2545 8585 0 129 56
2455 8519 0 129 56
2369 8453 0 131 56
2292 8387 0 131 57
2220 8349 0 132 58
2160 8329 0 132 59
2107 8329 0 132 60
2066 8350 0 131 61
2042 8375 0 131 61
2029 8395 0 128 61
2029 8413 0 126 60
2029 8428 0 125 59
2029 8441 0 125 59
2029 8451 0 125 59
2017 8457 0 125 59
2007 8457 0 127 59
1995 8457 0 128 59
1985 8448 0 128 59
1977 8442 0 128 59
1970 8442 0 129 60
1970 8451 0 131 60
1963 8465 0 131 60
1963 8483 0 131 60
1955 8503 0 131 60
1955 8519 0 132 60
1947 8530 0 132 60
1947 8530 0 132 60
1933 8530 0 134 61
1917 8523 0 134 61
1900 8514 0 134 61
1894 8502 0 135 62
1894 8502 0 135 62
1894 8502 41 135 62
1894 8502 100 137 62
1894 8528 208 137 62
1899 8537 259 137 62
1899 8549 314 138 63
1899 8563 371 138 63
1904 8578 428 138 63
1913 8600 455 138 63
1933 8626 497 138 63
1975 8654 522 138 63
2032 8674 553 138 63
2123 8688 577 138 63
2207 8667 617 138 63
2285 8624 652 138 63
2344 8534 699 137 62
2374 8416 731 137 62
2384 8280 752 137 62
2365 8137 763 137 62
2329 7999 751 138 61
2281 7899 763 135 62
2221 7824 757 135 62
2151 7794 748 135 62
2074 7806 733 132 61
2005 7847 733 132 61
1982 7936 724 130 62
1990 8043 727 130 62
2042 8163 736 129 61
2126 8278 748 129 61
2232 8393 751 129 61
2357 8497 771 130 62
2467 8595 785 132 61
2568 8630 790 133 62
2621 8624 785 133 62
2653 8592 800 135 63
2671 8553 829 138 63
2671 8506 828 138 63
2658 8453 836 140 63
2645 8412 849 140 63
2628 8388 863 140 63
2623 8376 869 141 63
2623 8371 854 141 63
2633 8371 869 141 63
2645 8376 855 140 62
2665 8376 879 141 63
2711 8388 897 141 63
2772 8402 905 141 63
2825 8410 906 141 63
2859 8400 909 141 63
2880 8378 915 144 62
2872 8316 911 144 62
2803 8205 914 144 62
2693 8062 915 143 63
2567 7929 912 141 63
2443 7819 899 141 63
2371 7725 905 138 63
2334 7687 870 137 63
2334 7676 869 135 63
2368 7683 911 132 63
2435 7743 977 130 63
2565 7837 1023 130 63
2732 7955 1023 130 63
2924 8088 1023 132 63
3190 8216 1023 133 63
3456 8336 1023 137 63
3661 8415 1023 140 63
3824 8468 1009 141 64
3908 8480 624 143 63
3908 8480 0 145 64
3926 8409 0 148 63
3841 8351 0 148 63
3740 8306 0 150 64
3629 8271 0 150 64
3561 8226 0 148 65
3528 8182 0 149 66
3517 8139 0 148 67
3517 8099 0 146 67
3517 8061 0 145 70
3517 8015 0 143 70
3507 7967 0 142 71
3488 7918 0 142 71
3470 7871 0 142 71
3448 7836 0 143 69
3423 7811 0 142 68
3403 7797 0 144 66
3384 7789 0 145 64
3364 7789 0 146 62
3342 7784 0 145 60
3337 7784 0 145 59
3305 7784 0 143 59
3283 7784 0 141 59
3278 7797 0 139 60
3278 7813 0 136 60
3278 7813 61 136 60
3302 7851 251 135 60
3318 7877 277 134 61
3331 7908 371 134 61
3356 7943 448 132 61
3379 7981 501 133 62
3392 8003 562 132 63
3398 8003 634 133 63
3392 7997 678 133 63
3372 7976 682 135 64
3343 7925 699 135 64
3306 7855 725 135 64
3271 7803 722 135 64
3243 7767 728 133 63
3224 7743 739 133 63
3215 7731 763 130 63
3215 7731 797 130 63
3215 7744 806 130 63
3223 7765 830 129 63
3240 7823 836 129 63
3266 7906 855 129 63
3292 7971 864 129 63
3319 8033 854 129 63
3343 8071 866 132 63
3355 8095 864 132 63
3361 8095 869 133 63
3368 8081 870 135 63
3389 8052 872 135 63
3419 7990 873 137 63
3454 7938 873 137 63
3488 7892 878 137 63
3521 7860 878 137 63
3539 7837 876 137 63
3548 7819 881 137 63
3548 7809 894 137 63
3537 7802 906 137 63
3522 7802 909 137 63
3475 7789 909 137 63
3427 7789 892 133 63
3379 7800 900 133 63
3337 7811 882 133 63
3312 7819 805 133 63
3298 7819 597 132 63
3298 7819 61 132 63
3298 7819 0 132 63
3314 7810 0 130 62
3332 7834 0 130 62
3368 7872 0 130 62
3415 7920 0 130 62
3476 7966 0 130 62
3529 8007 0 130 63
3576 8042 0 132 64
3611 8067 0 133 65
3611 8067 348 133 65
3644 8079 386 135 65
3644 8087 488 135 67
3649 8087 574 137 67
3649 8087 644 139 67
3649 8087 707 139 67
3649 8074 751 139 67
3635 8042 765 140 66
3612 7997 787 140 66
3593 7949 796 140 66
3577 7901 805 140 66
3560 7864 799 138 65
3560 7836 799 138 65
3560 7815 799 137 65
3560 7809 817 137 65
3575 7809 819 137 65
3592 7829 836 135 64
3612 7858 845 135 64
3631 7894 851 135 64
3645 7920 861 135 64
3659 7944 853 135 64
3667 7962 854 137 65
3667 7978 855 137 65
3673 7990 858 138 65
3673 7996 863 138 65
3673 7996 857 137 66
3673 7996 884 139 67
3699 7996 899 139 67
3733 7990 906 139 67
3768 7983 906 139 67
3800 7969 908 137 66
3821 7959 887 137 66
3835 7952 840 137 66
3841 7952 757 137 66
3841 7952 441 137 66
3841 7952 0 137 66
3803 7985 0 135 67
3743 8024 0 135 67
3659 8074 0 135 67
3600 8116 0 135 67
3570 8132 0 135 67
3560 8132 0 135 67
3560 8121 0 135 67
3560 8121 449 135 67
3560 8121 499 137 67
3585 8121 641 137 67
3627 8129 691 139 67
3672 8137 705 139 67
3718 8142 684 137 66
3756 8142 577 138 65
3785 8142 137 138 65
3785 8142 0 138 65
3816 8151 0 140 65
3821 8158 0 138 65
3821 8158 0 137 65
3843 8158 0 137 65
3866 8151 0 137 65
3885 8137 0 135 64
3899 8116 0 135 64
3899 8116 387 135 64
3900 8058 514 133 65
3886 8027 634 135 65
3877 7994 700 135 65
3868 7945 727 135 65
3860 7893 734 135 65
3850 7852 746 135 65
3843 7819 757 135 65
3838 7802 757 135 65
3838 7802 760 135 65
3831 7811 752 135 65
3823 7837 758 135 65
3817 7878 757 133 65
3817 7929 757 135 64
3827 7990 745 135 64
3849 8051 748 135 64
3876 8112 755 137 65
3903 8159 763 137 65
3924 8185 762 137 65
3940 8197 770 138 65
3953 8197 787 140 65
3969 8185 815 140 65
3991 8167 842 140 65
4009 8140 855 140 65
4023 8109 882 140 65
4034 8075 908 140 65
4034 8038 908 140 65
4023 7998 921 140 65
4007 7965 927 138 65
3979 7937 939 138 65
3943 7921 932 138 65
3893 7905 927 138 65
3846 7888 915 137 65
3805 7910 921 137 65
3789 7916 920 137 65
3789 7916 906 138 64
3796 7910 908 138 64
3823 7905 936 138 63
3863 7893 947 138 63
3912 7875 985 138 63
3961 7857 990 138 63
4001 7837 999 138 63
4034 7815 985 137 63
4051 7809 950 137 63
4058 7809 857 137 63
4058 7809 588 135 64
4058 7809 0 135 64
4039 7825 0 135 64
4018 7850 0 135 64
4010 7877 0 135 64
4023 7897 0 135 64
4050 7905 0 133 63
4076 7892 0 133 63
4076 7892 560 135 63
4098 7836 667 135 63
4098 7827 797 135 63
4098 7827 853 135 63
4098 7827 899 135 63
4106 7827 899 137 63
4106 7834 833 135 64
4099 7834 578 135 64
