2629 8561 175 167 52
2654 8592 250 167 52
2660 8605 333 167 52
2667 8610 440 166 53
2674 8610 521 166 53
2674 8616 570 168 53
2681 8616 588 168 53
2687 8604 620 168 53
2694 8590 631 168 53
2702 8557 641 168 53
2707 8511 667 166 53
2707 8454 676 166 53
2714 8392 700 166 53
2714 8327 721 166 52
2722 8252 737 166 52
2722 8178 754 164 52
2722 8106 779 165 51
2716 8025 797 163 52
2716 7956 793 163 52
2692 7894 805 164 52
2661 7834 821 164 52
2625 7784 819 164 53
2579 7741 836 165 53
2527 7718 854 165 53
2466 7705 858 166 53
2400 7700 864 166 54
2331 7717 854 167 54
2254 7753 840 167 54
2162 7801 827 167 54
2061 7858 827 166 54
1971 7915 809 166 54
1897 7972 799 164 54
1833 8008 797 164 54
1781 8031 797 164 53
1762 8045 797 162 53
1762 8053 790 162 54
1771 8059 777 160 53
1809 8059 770 160 53
1868 8070 767 160 53
1975 8078 779 159 53
2116 8078 785 159 53
2280 8085 818 160 53
2456 8085 861 160 53
2654 8085 878 162 54
2867 8085 905 162 54
3039 8085 941 164 53
3193 8085 965 165 53
3334 8085 994 166 53
3427 8095 988 168 52
3476 8101 1005 168 52
3495 8101 1023 169 53
3495 8101 1023 169 53
3495 8101 1023 171 53
3495 8101 1023 171 53
3488 8101 1023 172 53
3488 8101 991 172 52
3481 8101 861 172 52
3481 8110 527 172 52
3481 8110 0 172 53
3440 8132 0 172 53
3390 8160 0 171 53
3301 8197 0 171 53
3188 8197 0 169 53
3060 8213 0 168 52
2924 8248 0 166 52
2862 8322 0 164 52
2850 8372 0 162 52
2826 8405 0 159 51
2821 8441 0 158 51
2829 8477 0 155 50
2834 8515 0 154 49
2818 8534 0 153 48
2787 8541 0 153 47
2750 8541 0 152 46
2707 8541 0 152 46
2661 8541 0 153 46
2624 8541 0 153 47
2588 8541 0 154 47
2552 8547 0 157 48
2529 8560 0 158 49
2507 8567 0 159 49
2492 8573 0 161 49
2484 8573 0 162 51
2484 8566 0 162 51
2493 8566 0 164 51
2502 8552 0 162 51
2513 8527 0 162 52
2525 8584 0 162 52
2538 8598 0 160 51
2549 8583 0 160 51
2561 8577 0 160 51
2577 8572 0 160 51
2599 8566 0 160 51
2627 8557 0 160 51
2664 8545 0 160 51
2664 8545 112 160 52
2734 8531 175 160 52
2759 8537 272 160 52
2782 8547 333 160 52
2809 8567 405 160 52
2821 8594 443 159 53
2821 8614 468 159 53
2816 8637 489 159 53
2798 8661 514 159 53
2773 8680 529 158 54
2740 8693 536 158 54
2697 8693 556 158 54
2647 8681 561 158 54
2596 8658 572 158 54
2550 8618 586 158 54
2513 8568 594 158 54
2490 8514 613 158 54
2476 8460 616 158 54
2476 8408 631 160 54
2489 8372 652 160 53
2515 8343 664 160 53
2550 8321 707 160 53
2614 8312 743 161 52
2682 8312 768 161 52
2739 8318 784 160 52
2787 8324 790 160 52
2818 8324 791 158 52
2827 8329 799 158 52
2821 8329 800 158 52
2821 8329 791 157 52
2821 8329 782 157 52
2821 8329 737 158 51
2821 8329 644 157 51
2821 8329 392 158 51
2821 8329 0 157 52
2821 8350 0 157 52
2830 8366 0 158 52
2836 8383 0 160 52
2842 8388 0 162 52
2858 8388 0 162 52
2873 8388 0 163 52
2887 8381 0 163 52
2898 8372 0 163 52
2908 8372 0 163 52
2908 8372 212 163 52
2908 8372 315 163 52
2908 8372 439 164 52
2929 8397 562 164 52
2934 8403 625 164 52
2934 8412 673 164 52
2957 8424 682 164 52
2986 8437 702 163 52
3021 8449 694 163 52
3057 8466 699 162 52
3093 8486 691 161 52
3121 8506 700 160 52
3141 8526 691 160 52
3154 8547 708 160 52
3146 8553 714 160 52
3125 8553 717 160 52
3095 8553 722 160 52
3050 8532 748 160 52
3007 8500 750 160 52
2969 8463 770 160 52
2937 8430 787 160 52
2914 8401 783 160 52
2894 8377 790 158 52
2899 8357 797 158 52
2906 8339 808 158 52
2933 8327 829 159 51
2971 8319 834 159 51
3027 8311 842 159 51
3085 8317 846 159 51
3130 8332 846 159 51
3166 8339 852 159 51
3186 8344 855 160 51
3186 8344 866 160 51
3186 8344 869 160 51
3180 8344 863 160 51
3180 8344 848 162 52
3171 8344 817 162 52
3171 8344 785 162 52
3171 8344 691 162 52
3171 8344 526 162 52
3176 8350 50 162 52
3176 8350 0 162 52
3202 8390 0 162 52
3234 8427 0 162 52
3282 8468 0 162 52
3331 8506 0 160 51
3380 8542 0 160 52
3380 8542 230 160 52
3416 8547 317 160 52
3423 8554 413 158 52
3423 8561 529 158 52
3423 8561 619 160 52
3405 8567 641 160 52
3381 8567 684 160 52
3351 8554 710 161 52
3327 8536 727 161 52
3306 8516 728 162 53
3306 8495 731 162 53
3306 8476 725 162 53
3316 8453 733 162 53
3336 8435 736 162 53
3365 8421 737 164 53
3396 8414 737 164 53
3426 8406 731 164 52
3442 8401 727 164 52
3450 8401 724 164 52
3450 8393 721 164 52
3450 8388 728 164 52
3432 8383 745 164 52
3408 8368 746 164 52
3371 8356 755 164 52
3334 8347 758 164 52
3296 8336 751 164 52
3253 8336 753 164 52
3240 8336 756 163 52
3240 8336 760 163 52
3246 8336 725 163 52
3266 8343 616 163 52
3298 8356 367 163 52
3298 8356 0 163 52
3414 8403 0 163 52
3471 8429 0 162 52
3521 8448 0 162 52
3569 8470 0 162 52
3626 8492 0 162 52
3663 8508 0 162 52
3663 8508 249 162 52
3663 8508 382 163 52
3663 8508 514 163 52
3662 8539 613 162 53
3646 8548 696 164 53
3631 8548 730 164 53
3618 8548 751 165 53
3600 8537 787 165 53
3575 8519 797 165 53
3544 8489 818 165 53
3530 8451 826 165 53
3519 8425 817 165 53
3519 8402 825 165 53
3529 8381 834 165 53
3550 8363 839 164 52
3572 8358 833 164 52
3597 8363 832 166 52
3640 8386 809 166 52
3694 8415 790 166 52
3721 8447 787 166 52
3726 8472 794 166 52
3717 8493 808 167 52
3717 8507 821 167 52
3708 8507 817 167 52
3701 8507 832 167 52
3692 8492 825 167 52
3680 8472 828 167 52
3680 8447 852 167 52
3680 8422 864 167 52
3680 8396 864 167 52
3680 8376 864 167 52
3693 8361 820 167 52
3705 8361 742 167 52
3725 8361 483 167 52
3757 8367 1 167 52
3757 8367 0 167 52
3826 8423 0 166 52
3844 8463 0 166 52
3855 8496 0 166 52
3872 8525 0 166 52
3872 8525 289 166 52
3872 8525 396 166 53
3872 8525 515 166 53
3870 8553 628 166 53
3862 8553 688 166 53
3855 8548 727 166 53
3847 8531 767 166 53
3839 8505 809 166 53
3833 8461 845 165 53
3833 8424 860 164 53
3840 8393 857 164 53
3853 8367 869 163 52
3870 8351 872 163 52
3877 8341 878 162 52
3877 8341 879 162 52
3877 8341 870 162 52
3877 8347 866 162 52
3877 8365 851 162 52
3900 8403 819 162 52
3921 8454 818 163 52
3939 8489 799 163 52
3962 8511 788 164 52
3992 8525 787 164 52
4030 8537 790 166 52
4068 8543 791 166 52
4095 8543 797 165 53
4113 8536 728 165 53
4119 8531 613 165 53
4119 8525 449 165 53
4112 8519 78 165 53
4112 8519 0 165 53
4075 8494 0 165 53
4043 8484 0 165 53
3999 8477 0 165 53
3919 8452 0 166 52
3816 8389 0 164 52
3661 8301 0 164 52
3497 8287 0 164 52
3328 8221 0 162 53
3194 8120 0 162 53
3107 8059 0 161 52
3051 8017 0 159 53
3016 7988 0 157 54
2983 7961 0 156 55
2956 7948 0 155 54
2938 7948 0 153 54
2926 7937 0 153 54
2920 7937 0 153 53
2920 7937 0 153 53
2933 7932 0 154 52
2942 7927 0 155 51
2952 7916 0 155 51
2968 7900 0 155 50
2989 7883 0 157 51
2989 7883 86 156 51
3039 7867 182 157 52
3039 7867 279 157 52
3015 7876 392 158 52
3015 7883 491 158 52
3005 7899 526 158 52
2991 7914 581 158 52
2980 7927 624 160 52
2970 7934 647 160 52
2951 7934 653 160 52
2925 7924 673 160 52
2885 7893 700 160 52
2865 7849 716 160 52
2857 7820 728 158 52
2850 7789 731 158 53
2850 7766 746 158 53
2866 7751 753 156 53
2892 7742 760 156 53
2926 7747 759 156 53
2970 7761 753 153 54
3004 7781 761 153 54
3031 7801 754 153 54
3049 7819 755 153 54
3058 7837 763 155 54
3058 7849 759 155 54
3058 7862 779 156 53
3052 7872 797 156 53
3047 7881 805 156 53
3039 7881 812 156 53
3034 7881 815 156 53
3034 7881 817 156 53
3034 7865 826 156 53
3034 7838 830 156 53
3029 7803 837 158 53
3029 7774 851 158 53
3029 7751 855 158 53
3052 7731 860 157 54
3074 7726 854 157 54
3100 7726 843 157 54
3119 7726 839 156 55
3135 7741 828 156 55
3169 7768 832 156 55
3197 7804 818 156 55
3208 7837 819 156 55
3208 7866 836 156 55
3208 7886 858 157 54
3208 7895 863 158 54
3197 7895 873 158 54
3197 7895 881 159 53
3197 7895 882 159 53
3197 7886 885 159 53
3197 7876 882 160 52
3197 7862 888 160 52
3202 7843 890 160 52
3202 7817 888 160 52
3212 7788 884 159 53
3226 7767 861 160 53
3243 7747 853 160 53
3261 7733 843 160 54
3277 7722 840 160 54
3291 7722 837 159 55
3306 7740 831 159 55
3318 7767 818 159 55
3328 7811 817 159 55
3335 7855 815 159 55
3340 7900 818 159 55
3340 7924 818 159 55
3354 7942 818 159 55
3367 7950 817 160 54
3383 7950 802 160 54
3393 7950 754 160 54
3399 7939 671 160 54
3399 7928 520 160 54
3399 7917 244 158 54
3399 7917 0 158 54
3418 7882 0 158 54
3430 7873 0 158 54
3430 7873 27 157 54
3468 7868 153 158 53
3487 7875 270 158 53
3504 7888 379 156 53
3527 7913 468 156 53
3543 7934 538 156 53
3554 7949 611 158 53
3561 7949 664 158 53
3561 7949 727 158 53
3554 7934 777 159 53
3539 7919 826 160 53
3525 7896 860 160 53
3514 7865 905 162 54
3504 7830 915 163 55
3504 7794 932 163 55
3504 7772 951 163 55
3515 7759 941 163 55
3529 7738 933 163 55
3547 7733 934 163 55
3562 7738 939 162 56
3594 7752 921 160 55
3637 7774 911 160 55
3668 7801 911 160 55
3684 7827 911 162 56
3691 7855 918 162 56
3706 7880 921 162 56
3712 7895 924 164 55
3712 7902 926 164 55
3712 7902 926 166 54
3712 7895 929 166 54
3712 7884 930 166 54
3712 7866 939 166 53
3712 7845 944 166 53
3718 7821 947 166 54
3728 7796 951 166 54
3741 7780 950 164 54
3754 7768 932 163 55
3765 7759 890 163 55
3765 7759 806 161 55
3765 7766 610 161 55
3774 7804 307 160 54
3760 7857 115 160 54
3733 7919 190 160 54
3693 7961 317 160 54
3669 7994 413 161 55
3669 8022 518 163 55
3676 8036 639 163 55
3695 8048 678 163 55
3719 8059 696 163 55
3756 8068 710 163 55
3800 8077 714 163 55
3837 8082 691 163 55
3862 8082 653 163 55
3878 8082 572 164 55
3897 8077 391 164 55
3918 8068 181 164 55
3940 8055 41 165 55
3963 8036 1 167 55
3972 8014 81 167 55
3972 7992 178 167 55
3963 7976 307 166 56
3949 7963 442 168 56
3931 7958 537 168 56
3907 7950 591 168 56
3879 7940 669 168 56
3848 7931 727 168 56
3816 7908 759 168 56
3785 7874 794 167 55
3770 7850 805 167 55
3764 7824 827 165 55
3764 7797 833 164 54
3783 7776 846 164 54
3812 7759 851 164 54
3866 7759 839 163 54
3913 7777 827 163 55
3955 7800 829 164 55
3985 7832 824 164 55
3996 7864 826 164 55
3996 7893 818 165 55
3984 7915 822 166 54
3974 7928 825 166 54
3963 7928 836 166 54
3949 7928 845 168 53
3936 7912 846 168 53
3924 7896 861 168 53
3915 7876 864 169 53
3909 7855 857 169 53
3917 7839 878 169 53
3930 7823 905 169 53
3953 7818 894 169 53
3996 7818 909 169 53
4051 7836 890 169 53
4102 7865 861 169 53
4134 7903 848 168 53
4152 7951 790 168 53
4141 8039 727 168 53
4086 8155 672 168 53
4001 8245 696 168 53
3842 8377 708 168 53
3613 8537 730 168 53
3336 8618 737 168 53
3023 8631 753 168 53
2720 8598 787 168 53
2424 8508 812 166 53
2195 8409 817 166 53
2063 8305 815 165 53
1996 8205 808 164 53
2009 8103 805 164 53
2084 7997 817 164 53
2201 7894 815 164 53
2370 7829 811 164 53
2586 7787 814 164 53
2832 7787 805 164 53
3056 7805 803 164 53
3244 7841 790 164 53
3407 7879 785 164 53
3492 7918 788 164 53
3520 7957 797 165 53
3509 7999 791 165 53
3460 8039 790 165 53
3356 8051 791 167 52
3216 8051 788 167 52
3033 8013 796 167 52
2854 7956 791 166 53
2715 7883 796 166 53
2600 7816 796 166 53
2549 7759 788 164 54
2549 7708 793 164 54
2589 7660 797 163 54
2690 7629 802 163 54
2848 7609 800 163 54
3044 7609 799 161 55
3240 7621 799 161 55
3391 7633 797 161 55
3513 7641 800 161 55
3587 7648 799 162 54
3623 7659 805 163 54
3634 7673 818 163 54
3634 7682 818 164 54
3593 7690 827 166 54
3535 7690 832 166 54
3429 7679 818 167 54
3300 7652 818 167 54
3156 7613 826 167 54
3026 7573 827 167 54
2977 7543 824 167 54
2983 7521 819 167 54
3031 7485 845 168 53
3153 7485 869 168 53
3325 7498 860 166 53
3506 7545 873 166 53
3678 7589 899 166 53
3784 7631 902 166 53
3849 7657 912 165 53
3849 7684 911 165 53
3798 7713 908 164 54
3704 7758 890 163 54
3527 7811 864 163 54
3274 7862 867 163 54
2969 7912 853 162 54
2652 7944 863 162 53
2341 7965 857 162 53
2114 7944 863 162 53
1941 7917 867 162 53
1902 7911 866 162 53
1919 7920 858 162 53
1974 7931 872 161 52
2123 7955 891 161 52
2358 7988 897 160 52
2651 8030 903 160 52
2978 8066 970 161 52
3308 8098 989 161 52
3555 8111 987 162 53
3745 8118 999 162 53
3843 8118 1009 162 53
3883 8110 1023 162 53
3883 8110 1023 162 53
3883 8110 1023 162 53
3877 8110 1023 162 53
3877 8110 1023 162 53
3877 8110 1015 162 53
3877 8110 952 161 52
3877 8110 854 161 52
3877 8110 737 162 53
3877 8102 425 162 53
