1470 8403 213 108 87
1470 8441 420 108 87
1460 8454 445 117 86
1451 8461 513 117 86
1451 8467 625 112 85
1451 8448 724 121 84
1451 8406 794 121 84
1451 8349 815 117 83
1458 8264 821 124 83
1458 8165 796 117 83
1458 8057 728 113 82
1458 7974 554 113 82
1458 7909 363 106 83
1458 7909 0 104 82
1463 7843 0 104 82
1452 7856 0 104 82
1434 7887 0 104 82
1410 7927 0 104 82
1382 7977 0 104 82
1351 8035 0 104 82
1320 8099 0 97 82
1289 8160 0 97 82
1247 8213 0 97 82
1197 8253 0 90 82
1197 8253 215 90 82
1131 8319 647 90 82
1131 8348 561 97 82
1124 8372 619 96 81
1150 8409 643 102 81
1195 8446 702 102 81
1282 8484 740 108 81
1395 8514 751 108 81
1524 8521 770 110 81
1649 8512 776 116 81
1735 8486 787 120 82
1794 8439 797 120 82
1825 8378 794 120 82
1809 8311 791 125 81
1762 8250 793 125 81
1684 8192 727 120 82
1564 8152 787 116 81
1417 8130 846 116 81
1334 8121 818 116 81
1304 8145 802 114 80
1310 8180 832 114 80
1343 8222 822 114 80
1418 8252 864 114 80
1521 8278 897 114 80
1641 8278 942 116 81
1764 8268 977 116 81
1849 8234 1023 116 81
1907 8194 1023 116 81
1960 8146 1023 122 81
1967 8097 1023 116 81
1943 8050 1023 116 81
1877 8002 1023 116 81
1762 7957 1023 110 81
1615 7927 1023 108 81
1471 7910 1023 102 81
1382 7902 1023 104 82
1330 7920 1023 97 82
1319 7938 1023 97 82
1314 7955 987 97 82
1344 7982 762 96 81
1394 8016 212 96 81
1394 8016 0 96 81
1591 8063 0 96 81
1699 8080 0 96 81
1785 8094 0 96 81
1859 8106 0 96 81
1924 8113 0 90 80
1952 8113 0 90 80
1962 8104 0 90 79
1962 8071 0 90 79
1962 8071 909 90 79
1945 8003 736 90 78
1937 8003 753 90 78
1949 8012 825 90 79
1962 8012 879 95 79
1993 8023 899 95 79
2035 8038 897 96 80
2092 8067 902 101 80
2142 8095 903 101 80
2186 8127 903 101 80
2207 8161 909 107 80
2207 8189 944 107 80
2185 8199 964 112 79
2166 8199 1008 112 79
2132 8191 1023 112 79
2088 8151 1023 116 79
2048 8089 1023 116 79
2010 8025 1023 112 79
1997 7975 1023 112 79
1997 7934 1023 112 79
2016 7921 1023 107 80
2059 7930 1023 107 80
2118 7955 1014 101 80
2207 8011 999 101 80
2281 8062 1017 101 80
2344 8109 1023 101 80
2371 8129 1023 101 80
2378 8129 1023 101 80
2372 8117 1023 107 80
2353 8092 1023 107 80
2339 8061 1023 107 80
2327 8026 1023 112 79
2344 8007 1023 107 80
2371 8007 1023 107 80
2404 8025 1023 107 80
2475 8055 1023 108 81
2558 8083 1023 108 81
2649 8106 1023 108 81
2728 8116 1023 110 81
2769 8116 1023 110 81
2784 8122 1023 113 82
2784 8122 1023 113 82
2776 8128 1023 113 82
2776 8128 1023 113 82
2776 8161 1023 120 82
2782 8207 980 120 82
2834 8299 777 120 82
2890 8409 739 116 81
2938 8531 845 122 81
2978 8572 1023 122 81
2978 8580 1023 122 81
2970 8567 1023 127 80
2948 8526 1023 127 80
2897 8455 1023 127 80
2849 8363 1023 127 80
2835 8289 1023 127 80
2842 8227 1023 127 80
2875 8172 1023 131 81
2923 8143 1023 131 81
2980 8119 1023 125 81
3052 8099 1023 125 81
3130 8106 1023 125 81
3213 8122 1023 125 81
3290 8143 1023 125 81
3341 8167 1023 122 81
3378 8181 1023 125 81
3388 8189 1023 125 81
3381 8189 1023 125 81
3363 8181 1023 130 82
3306 8165 1023 130 82
3213 8134 1023 130 82
3095 8094 1023 130 82
2980 8044 1023 130 82
2819 7966 1023 135 83
2628 7869 1023 129 84
2409 7769 1023 129 84
2250 7693 1023 129 84
2131 7634 1023 124 83
2081 7614 1023 124 83
2060 7614 1023 124 83
2060 7627 796 124 83
2060 7627 0 124 83
2109 7732 0 124 83
2157 7822 0 124 83
2151 7921 0 120 82
2075 8020 0 120 82
1953 8086 0 120 82
1795 8130 0 110 81
1795 8130 1023 110 81
1604 8097 1023 104 82
1574 8097 1023 104 82
1605 8104 1023 97 82
1677 8104 1023 98 83
1822 8104 1023 98 83
2066 8104 1023 108 84
2375 8123 1023 112 85
2744 8156 1023 112 85
3102 8205 1023 121 84
3452 8251 1023 121 84
3725 8295 1023 121 84
3925 8320 1023 129 84
4077 8339 1023 129 84
4170 8351 91 124 83
