1483 8112 260 152 60
1483 8112 312 152 60
1440 8100 368 151 60
1432 8100 444 147 59
1432 8106 470 147 58
1432 8115 495 146 57
1470 8143 515 146 57
1525 8192 535 144 57
1615 8256 539 145 56
1720 8315 545 145 56
1834 8349 539 145 56
1926 8367 537 148 56
2023 8367 541 148 56
2071 8336 538 149 56
2085 8294 537 150 55
2102 8237 537 150 55
2086 8179 548 150 55
2047 8113 570 150 55
1978 8042 595 149 56
1897 7975 627 149 56
1809 7907 668 148 56
1749 7864 673 148 56
1749 7839 694 148 56
1794 7826 742 148 56
1877 7848 785 146 55
2034 7894 817 146 55
2240 7997 824 146 55
2434 8092 840 146 55
2596 8182 855 148 56
2736 8245 858 148 56
2854 8303 836 149 55
2974 8357 782 150 55
3097 8410 595 150 55
3097 8410 0 152 56
3304 8503 0 152 56
3360 8547 0 152 56
3351 8584 0 153 55
3316 8597 0 153 55
3264 8597 0 153 55
3140 8533 0 153 54
3055 8498 0 152 54
2995 8483 0 152 53
2976 8444 0 150 52
2925 8399 0 149 52
2852 8356 0 148 51
2765 8316 0 147 51
2667 8288 0 146 52
2562 8271 0 146 52
2480 8261 0 145 53
2399 8256 0 145 54
2353 8263 0 145 55
2331 8277 0 146 55
2315 8261 0 148 56
2304 8288 0 148 56
2304 8345 0 149 56
2304 8364 0 148 56
2311 8382 0 148 56
2316 8390 0 148 56
2321 8390 0 147 55
2327 8382 0 147 55
2327 8382 187 147 55
2327 8344 202 147 55
2327 8328 241 146 54
2337 8313 343 146 54
2343 8301 481 146 54
2343 8296 565 146 54
2350 8296 647 147 55
2356 8301 691 147 55
2366 8330 724 147 55
2377 8375 736 147 55
2377 8427 757 146 55
2377 8501 758 146 55
2383 8591 755 146 55
2390 8675 754 148 56
2395 8724 752 147 56
2400 8749 749 147 56
2400 8749 727 147 56
2400 8749 728 147 56
2400 8699 742 147 56
2392 8621 751 147 56
2385 8550 757 147 56
2401 8504 759 147 56
2442 8475 776 147 56
2499 8475 788 147 56
2592 8506 788 148 56
2685 8567 788 148 56
2778 8628 787 148 56
2834 8689 796 148 56
2859 8716 808 147 56
2859 8716 832 147 56
2854 8716 818 147 56
2813 8686 824 147 56
2751 8645 848 147 56
2684 8600 845 147 56
2669 8572 834 147 56
2688 8556 842 147 56
2734 8556 846 147 56
2804 8575 845 145 56
2890 8610 840 146 55
2975 8646 837 146 55
3033 8662 837 146 55
3074 8662 829 148 56
3083 8655 809 148 56
3070 8642 818 148 56
3042 8601 826 149 56
2958 8544 828 149 56
2869 8479 864 149 56
2777 8435 857 150 55
2769 8405 857 150 55
2790 8405 861 150 55
2831 8397 866 150 54
2891 8422 864 150 54
2954 8467 869 150 54
3020 8493 869 148 54
3065 8516 854 150 54
3086 8523 860 150 54
3092 8523 861 150 54
3082 8516 854 151 54
3003 8480 866 151 54
2879 8424 861 151 54
2675 8341 866 151 54
2431 8233 863 151 54
2159 8108 875 151 54
1934 7997 879 151 54
1814 7922 864 151 54
1764 7872 860 150 54
1759 7866 837 148 54
1765 7872 836 147 53
1778 7887 842 147 53
1807 7917 843 145 54
1835 7944 843 145 54
1861 7976 860 143 53
1878 8013 854 143 53
1886 8024 881 144 54
1886 8032 888 144 54
1886 8032 878 144 54
1863 8032 866 144 56
1828 8008 836 144 56
1781 7974 828 144 56
1750 7959 797 144 56
1750 7959 794 144 56
1768 7974 817 144 56
1778 7985 864 144 56
1830 8036 926 144 56
1910 8113 983 144 56
2094 8237 1009 144 56
2343 8378 1023 145 55
2636 8530 988 146 55
2889 8662 939 146 55
3084 8750 757 149 55
