1993 8661 42 142 59
1993 8661 70 142 59
1993 8661 94 142 59
2008 8692 124 144 60
2014 8705 177 144 60
2022 8715 213 144 60
2030 8729 255 142 61
2040 8747 276 142 61
2040 8753 305 142 61
2040 8753 339 142 61
2045 8753 379 142 61
2045 8753 404 142 61
2033 8738 422 142 61
2015 8700 448 142 61
1965 8645 490 142 61
1904 8549 513 142 61
1835 8429 559 142 61
1768 8292 577 142 61
1707 8127 588 144 60
1650 7991 599 144 60
1645 7874 605 142 59
1691 7791 609 143 59
1771 7740 614 143 59
1873 7710 617 143 59
1976 7715 630 142 59
2081 7739 638 141 59
2165 7777 639 141 59
2235 7832 642 141 59
2267 7903 630 141 59
2248 7985 614 141 59
2194 8073 610 141 59
2074 8150 642 141 59
1926 8178 670 139 58
1760 8178 733 139 58
1570 8132 785 139 58
1428 8075 803 139 58
1318 8010 803 139 58
1280 7973 788 139 58
1291 7930 776 138 58
1334 7883 782 139 58
1470 7845 776 139 58
1698 7845 779 139 58
1987 7866 774 141 59
2288 7926 777 142 58
2580 7989 751 143 59
2865 8053 720 145 59
3114 8113 690 147 59
3318 8170 639 147 59
3493 8223 542 147 59
3596 8258 349 146 60
3596 8258 0 146 60
3576 8297 0 146 60
3479 8315 0 146 60
3345 8345 0 146 60
3187 8382 0 146 58
3000 8412 0 146 58
2815 8419 0 146 58
2635 8410 0 144 58
2456 8465 0 144 58
2326 8476 0 143 57
2232 8457 0 144 57
2163 8427 0 143 56
2125 8392 0 143 56
2125 8352 0 142 57
2151 8314 0 142 57
2110 8289 0 140 56
2082 8272 0 139 57
2062 8260 0 136 57
2034 8252 0 136 57
2010 8246 0 134 57
1993 8240 0 134 57
1981 8231 0 132 58
1972 8216 0 131 57
1972 8216 0 131 57
1972 8223 0 132 58
1972 8234 0 132 58
1963 8249 0 132 58
1957 8266 0 132 58
1951 8282 0 134 58
1945 8296 0 134 58
1945 8301 0 134 58
1938 8301 0 135 58
1938 8301 188 136 58
1938 8301 218 136 58
1938 8301 254 136 58
1938 8301 265 139 58
1938 8301 334 139 58
1938 8301 388 141 59
1938 8301 431 142 58
1938 8301 466 142 58
1940 8330 502 142 58
1940 8330 545 142 58
1940 8337 588 142 58
1940 8337 627 142 58
1940 8337 644 142 58
1940 8337 664 142 58
1940 8337 664 143 59
1940 8337 675 143 59
1940 8337 675 143 59
1940 8337 676 143 59
1940 8337 679 144 58
1940 8337 681 144 58
1940 8337 675 144 58
1940 8332 669 144 58
1940 8332 666 144 58
1940 8325 667 144 58
1934 8313 667 144 58
1920 8281 676 143 59
1899 8236 684 143 59
1871 8185 696 143 59
1843 8126 714 143 59
1816 8074 727 143 59
1801 8029 728 143 59
1787 7990 733 143 59
1787 7975 740 142 59
1787 7975 754 142 59
1792 7975 768 142 59
1792 7987 774 142 59
1797 8002 777 142 59
1805 8049 796 141 59
1820 8104 790 142 59
1840 8165 790 142 59
1857 8220 791 142 59
1871 8272 791 143 59
1883 8309 796 145 59
1898 8337 800 145 59
1910 8347 805 145 59
1921 8353 799 146 58
1921 8353 796 146 58
1921 8343 805 146 58
1930 8334 803 146 58
1935 8294 805 146 58
1935 8255 800 146 58
1927 8217 800 146 58
1927 8180 796 146 58
1927 8142 797 146 58
1927 8123 770 146 58
1950 8116 771 146 58
1979 8116 768 144 58
2014 8133 751 144 58
2056 8165 761 144 58
2097 8206 763 144 58
2132 8249 750 144 58
2165 8293 751 144 58
2190 8332 760 144 58
2199 8345 771 144 58
2199 8345 777 144 58
2188 8333 780 144 58
2175 8310 791 143 57
2158 8276 794 143 57
2133 8223 784 143 57
2114 8168 750 144 58
2103 8112 693 144 58
2096 8054 585 144 58
2109 8003 382 144 58
2109 8003 0 144 58
2152 7904 0 144 58
2164 7883 0 146 58
2173 7883 0 146 58
2199 7909 0 146 58
2228 7944 0 146 58
2262 7987 0 145 59
2302 8027 0 145 59
2348 8065 0 143 59
2348 8065 440 143 59
2410 8116 467 143 59
2410 8133 468 142 59
2410 8133 466 142 59
2410 8139 496 142 59
2401 8144 546 142 59
2396 8144 559 142 59
2391 8144 565 142 59
2391 8144 564 143 59
2391 8144 586 143 59
2391 8144 613 143 59
2391 8144 647 144 58
2386 8144 669 144 58
2386 8144 694 144 58
2376 8144 697 144 58
2363 8144 700 144 58
2336 8136 700 143 59
2310 8121 702 143 59
2285 8100 696 143 59
2260 8072 688 143 59
2239 8039 678 143 59
2227 8008 658 143 59
2227 7978 640 142 59
2245 7954 610 142 59
2262 7944 614 142 59
2283 7944 619 141 60
2310 7954 611 141 60
2343 7987 619 141 60
2382 8034 634 141 60
2409 8078 641 141 60
2429 8123 684 141 60
2429 8145 707 141 60
2434 8151 736 142 59
2434 8151 748 142 59
2434 8146 752 142 59
2429 8134 754 144 60
2422 8110 743 145 59
2409 8079 727 145 59
2409 8050 691 145 59
2419 8027 643 145 59
2437 8009 591 146 60
2459 8001 447 146 60
2483 8001 170 146 60
2483 8001 0 145 60
2530 8020 0 145 60
2542 8045 0 145 60
2550 8076 0 145 60
2560 8099 0 147 61
2573 8118 0 147 61
2589 8118 0 146 62
2589 8118 488 146 62
2589 8118 512 146 62
2589 8118 537 147 62
2589 8118 586 147 62
2589 8118 666 148 61
2589 8118 690 150 62
2589 8118 693 150 62
2589 8118 694 150 62
2589 8118 670 151 61
2589 8118 644 153 61
2622 8131 625 153 61
2636 8131 595 153 61
2656 8136 570 154 60
2684 8148 562 154 60
2717 8165 536 154 60
2739 8189 526 154 60
2753 8218 518 152 60
2761 8239 537 152 60
2761 8255 553 152 60
2753 8261 585 152 60
2736 8261 631 151 60
2705 8249 667 151 60
2671 8229 696 151 60
2635 8205 728 151 60
2606 8177 743 151 60
2580 8147 748 151 60
2580 8123 748 152 60
2587 8103 737 152 60
2607 8081 736 152 60
2653 8073 734 152 60
2715 8073 731 152 60
2770 8093 722 152 60
2827 8123 727 154 60
2871 8162 731 154 60
2906 8210 731 154 60
2934 8255 739 154 60
2946 8285 757 154 60
2946 8306 779 154 60
2946 8315 777 152 60
2946 8315 762 152 60
2953 8315 760 152 60
2960 8287 754 151 61
2980 8247 739 150 60
3008 8191 725 150 60
3023 8134 725 150 60
3023 8076 716 150 60
3001 8023 717 147 61
2971 7994 716 147 61
2934 7978 724 147 61
2893 7978 721 147 61
2856 7991 737 147 61
2827 8006 730 148 61
2813 8013 716 148 61
2808 8013 667 148 61
2822 8013 619 149 63
2849 8002 544 149 63
2896 7995 340 149 63
2896 7995 0 149 63
3036 8009 0 149 63
3086 8042 0 149 63
3115 8087 0 146 63
3131 8143 0 144 62
3123 8209 0 144 62
3096 8283 0 143 62
3057 8356 0 141 61
3028 8419 0 141 60
3016 8453 0 141 60
3016 8471 0 141 59
3029 8471 0 141 59
3029 8471 373 142 58
3029 8471 362 143 59
3052 8499 367 143 59
3079 8510 402 144 58
3098 8520 469 145 59
3112 8528 489 145 59
3131 8535 520 145 59
3147 8535 535 145 59
3152 8535 551 145 59
3152 8535 577 145 59
3152 8535 602 145 59
3152 8535 614 145 59
3152 8535 620 145 59
3152 8535 628 145 59
3152 8507 641 145 59
3152 8468 636 146 60
3152 8421 650 146 60
3157 8373 670 146 60
3157 8319 673 147 59
3163 8263 682 149 59
3170 8212 690 149 59
3175 8170 708 149 59
3175 8134 728 149 59
3166 8110 733 149 59
3166 8100 750 149 59
3161 8100 762 149 59
3148 8113 788 149 59
3127 8134 796 149 59
3112 8160 797 149 59
3100 8193 790 151 60
3100 8225 793 151 60
3100 8256 790 151 60
3100 8272 796 151 60
3124 8289 779 151 60
3156 8308 768 151 60
3187 8324 757 151 60
3220 8334 755 151 60
3257 8334 739 151 60
3297 8334 724 151 60
3327 8334 725 151 60
3351 8334 717 151 60
3367 8334 707 149 59
3374 8334 705 149 59
3374 8324 708 149 59
3374 8315 716 147 59
3367 8298 722 147 59
3357 8274 727 147 59
3338 8242 721 147 59
3324 8205 731 147 59
3311 8165 730 146 60
3296 8139 740 146 60
3284 8122 749 146 60
3284 8115 760 146 60
3284 8115 776 146 60
3284 8115 791 146 60
3279 8125 814 146 60
3279 8138 817 146 60
3279 8155 818 146 60
3284 8190 823 148 60
3295 8224 806 148 60
3317 8257 790 148 60
3352 8288 785 148 60
3395 8320 770 148 60
3433 8337 760 151 60
3470 8343 749 151 60
3506 8343 730 151 60
3535 8343 727 151 60
3560 8343 696 151 60
3572 8331 690 151 60
3567 8320 697 151 60
3550 8307 705 151 60
3524 8287 714 151 60
3500 8267 717 151 60
3477 8249 725 151 60
3471 8230 728 151 60
3476 8215 721 151 60
3498 8204 736 151 60
3525 8193 746 151 60
3565 8193 755 151 61
3612 8193 750 151 61
3663 8204 750 151 61
3714 8225 761 151 61
3738 8253 755 151 61
3743 8280 757 151 61
3732 8310 748 151 61
3687 8343 730 151 61
3619 8369 748 150 60
3535 8380 777 150 60
3486 8380 762 150 60
3461 8380 760 151 61
3466 8380 768 152 60
3501 8380 785 152 60
3555 8375 788 154 60
3633 8388 784 154 60
3712 8411 759 157 60
3792 8436 703 156 61
3868 8468 578 156 61
3894 8505 325 156 61
3894 8505 0 155 62
3836 8552 0 155 62
3715 8560 0 153 61
3545 8560 0 152 62
3343 8549 0 150 62
3131 8536 0 148 61
2911 8513 0 147 61
2733 8484 0 145 60
2576 8473 0 146 60
2434 8473 0 145 59
2317 8479 0 145 59
2218 8495 0 145 59
2131 8509 0 145 59
2059 8522 0 145 59
1992 8530 0 145 59
1938 8530 0 145 59
1892 8535 0 145 59
1856 8535 0 143 59
1824 8541 0 143 59
1791 8547 0 142 58
1761 8557 0 142 58
1731 8569 0 142 58
1696 8577 0 142 58
1658 8577 0 142 58
1618 8550 0 142 59
1580 8504 0 142 59
1580 8504 545 144 60
1532 8351 613 144 60
1527 8373 634 145 60
1578 8378 655 145 60
1725 8417 668 147 61
1936 8480 662 147 61
2149 8547 631 147 61
2347 8609 478 147 61
