2111 7988 25 136 57
2111 7988 50 136 57
2111 7988 119 136 57
2111 7988 185 136 57
2090 7962 252 136 57
2090 7962 317 136 57
2090 7962 388 136 57
2095 7968 447 136 57
2095 7968 474 136 57
2111 7997 490 136 57
2131 8036 491 136 57
2157 8088 509 138 57
2183 8149 515 138 57
2213 8216 519 140 56
2236 8269 520 140 56
2251 8318 527 141 56
2266 8344 529 143 56
2266 8357 518 143 56
2266 8350 520 144 56
2266 8338 515 144 56
2260 8303 520 144 56
2260 8256 519 145 55
2266 8191 519 145 55
2282 8141 519 145 55
2301 8101 519 145 55
2327 8088 516 145 55
2355 8093 537 145 55
2387 8110 543 145 55
2432 8157 553 145 55
2484 8219 557 145 55
2519 8292 543 145 55
2524 8380 536 145 55
2509 8478 540 146 55
2491 8582 551 146 55
2455 8644 548 146 55
2408 8670 545 145 56
2325 8670 548 147 56
2217 8631 551 147 56
2093 8533 551 147 56
1973 8398 550 147 56
1859 8218 545 145 56
1792 8049 542 146 55
1754 7888 546 145 55
1754 7800 527 144 56
1786 7741 524 143 55
1831 7702 515 141 55
1904 7690 512 140 55
1982 7708 491 140 55
2064 7747 486 138 55
2155 7805 490 138 55
2221 7845 488 138 55
2269 7874 473 139 56
2300 7881 463 140 55
2316 7872 461 140 55
2322 7852 463 141 55
2329 7818 466 141 55
2334 7795 465 141 55
2334 7780 474 142 54
2334 7780 486 144 54
2355 7790 504 143 55
2382 7814 502 143 55
2434 7897 513 143 55
2491 8018 507 143 55
2553 8164 499 144 54
2616 8327 502 145 55
2700 8489 504 145 55
2769 8650 509 145 55
2827 8735 512 146 55
2841 8770 499 147 55
2841 8770 489 148 56
2832 8750 498 148 56
2815 8668 498 149 56
2776 8545 498 149 56
2722 8324 490 149 56
2661 8131 477 150 55
2632 7956 477 150 55
2623 7854 477 150 55
2635 7803 475 149 55
2648 7787 483 149 55
2663 7787 490 149 55
2680 7808 488 148 56
2710 7847 488 146 55
2748 7893 489 146 55
2773 7933 502 146 55
2799 7964 505 146 55
2827 7993 509 146 55
2854 7998 517 148 56
2884 7993 519 148 56
2917 7982 519 148 56
2981 7987 514 149 56
3039 7996 491 149 56
3093 8008 474 149 56
3143 8021 364 149 56
3167 8030 117 149 56
3167 8030 0 149 56
3147 8037 0 149 56
3081 8049 0 149 56
2989 8067 0 148 56
2900 8097 0 148 56
2792 8127 0 148 56
2672 8157 0 148 56
2534 8150 0 148 56
2534 8150 349 148 56
2396 8117 400 148 56
2378 8117 394 146 55
2411 8142 407 146 55
2478 8158 444 146 55
2571 8179 450 147 55
2680 8203 440 147 55
2800 8229 338 147 55
2903 8249 63 149 55
2903 8249 0 149 55
3016 8266 0 151 54
3016 8287 0 151 54
2982 8316 0 151 54
2932 8367 0 150 54
2874 8431 0 150 54
2812 8505 0 148 54
2748 8658 0 147 53
2714 8744 0 146 53
2695 8785 0 146 52
2687 8791 0 146 52
2687 8791 287 146 52
2647 8780 282 145 53
2621 8771 277 145 53
2614 8719 281 146 53
2577 8639 319 145 54
2520 8482 344 146 54
2450 8289 346 146 54
2382 8071 327 146 54
2315 7910 327 145 55
2315 7826 320 144 54
2323 7794 309 144 54
2341 7784 312 142 54
2354 7803 297 142 54
2390 7842 282 141 53
2442 7923 277 141 53
2502 7984 279 140 54
2556 8033 287 140 54
2594 8044 296 141 55
2622 8017 304 141 55
2642 7965 304 142 54
2647 7892 312 144 54
2641 7840 324 143 55
2646 7803 353 143 55
2653 7795 398 143 55
2662 7811 404 143 55
2675 7842 417 144 54
2715 7930 412 144 54
2771 8066 377 144 54
2818 8234 324 145 55
2865 8425 322 145 55
2908 8615 334 145 55
2947 8740 391 147 55
2967 8823 404 147 55
2967 8823 392 149 55
2967 8801 394 149 55
2962 8756 422 149 55
2954 8643 431 149 55
2943 8477 439 150 55
2920 8276 439 150 55
2897 8106 440 150 55
2875 7972 440 150 55
2864 7862 431 150 55
2858 7790 394 150 55
2858 7748 284 149 56
2853 7726 20 148 56
2853 7726 0 148 56
2781 7766 0 147 56
2704 7829 0 145 56
2604 7900 0 145 56
2489 7940 0 143 56
2372 7960 0 143 56
2239 7947 0 143 56
2096 7903 0 141 56
1977 7839 0 141 56
1977 7839 337 143 55
1853 7755 317 141 56
1817 7761 312 143 56
1817 7753 359 143 56
1843 7758 428 144 57
1889 7771 491 145 56
2009 7810 540 145 56
2177 7888 546 145 56
2397 7993 563 145 56
2631 8099 577 145 56
2875 8185 569 146 55
3075 8258 561 146 55
3233 8310 540 147 55
3363 8345 492 146 54
3439 8369 392 147 55
3476 8376 232 148 54
3487 8370 44 148 54
