1542 7691 281 115 60
1518 7606 359 115 60
1507 7585 496 116 60
1501 7557 563 116 60
1501 7543 613 115 60
1509 7543 661 113 60
1518 7535 705 113 59
1530 7541 753 112 58
1544 7554 785 112 58
1571 7611 827 112 58
1606 7684 831 111 57
1639 7767 825 111 57
1688 7921 824 111 57
1748 8078 830 113 58
1795 8237 827 113 58
1823 8354 800 115 58
1839 8467 782 117 58
1834 8571 749 119 58
1818 8653 700 121 58
1794 8722 696 123 59
1772 8768 693 125 59
1753 8779 700 125 59
1736 8768 702 125 59
1715 8693 693 125 59
1673 8543 702 125 59
1620 8343 700 125 59
1566 8120 696 126 58
1517 7894 696 124 58
1490 7666 690 123 58
1477 7533 702 120 57
1491 7461 699 119 56
1508 7431 711 118 57
1543 7431 725 118 57
1589 7484 728 116 56
1658 7571 725 114 57
1730 7702 710 114 57
1783 7843 697 115 58
1821 7991 697 116 57
1842 8081 705 116 57
1842 8125 716 119 58
1842 8138 719 119 58
1830 8132 719 120 57
1804 8077 728 123 58
1767 7990 730 123 58
1735 7860 720 123 58
1707 7750 727 123 58
1707 7654 699 121 58
1720 7607 673 121 58
1753 7587 640 119 58
1787 7587 645 119 58
1825 7609 631 117 58
1865 7667 602 117 58
1908 7747 591 116 58
1953 7836 574 115 58
1978 7922 586 116 57
1978 7971 620 116 57
1970 7998 641 116 57
1961 7998 655 118 57
1943 7980 662 118 57
1918 7942 673 118 56
1905 7871 673 118 56
1894 7809 664 119 56
1884 7753 647 119 56
1884 7705 597 118 57
1904 7684 556 118 57
1933 7684 521 118 57
1949 7694 456 116 57
1975 7746 415 116 57
2008 7824 368 116 57
2023 7919 371 116 57
2031 8010 423 116 57
2031 8057 464 116 56
2031 8077 499 117 56
2021 8077 546 117 56
2011 8054 562 118 56
1997 8012 592 118 56
1978 7936 613 118 56
1961 7858 617 118 56
1961 7799 620 118 56
1969 7754 611 118 56
1977 7727 567 117 56
1987 7713 551 117 56
2001 7713 538 117 56
2018 7713 512 116 56
2043 7760 519 116 56
2067 7827 526 116 56
2082 7911 551 116 56
2092 7954 595 116 56
2079 7971 610 116 56
2066 7971 658 117 56
2052 7962 665 117 56
2035 7924 662 117 56
2019 7865 666 118 56
2006 7800 673 118 56
1998 7739 672 117 56
2007 7703 666 116 55
2025 7682 667 116 55
2039 7673 670 115 55
2053 7673 672 115 55
2070 7679 678 115 55
2086 7704 675 113 56
2135 7802 643 113 56
2204 7948 606 114 57
2288 8167 588 116 56
2365 8394 567 116 56
2437 8626 572 118 57
2467 8780 577 119 56
2474 8851 591 122 57
2465 8868 595 123 56
2465 8852 611 124 57
2443 8765 641 124 57
2411 8631 662 126 57
2379 8448 669 126 57
2340 8269 676 126 57
2296 8094 655 126 57
2277 7923 630 126 57
2293 7830 616 125 56
2333 7789 610 123 56
2375 7789 636 123 56
2411 7822 646 122 56
2442 7882 655 121 56
2491 8017 644 121 56
2541 8192 616 121 56
2592 8394 620 121 56
2628 8573 625 122 56
2654 8656 628 123 56
2654 8675 630 123 56
2638 8668 640 123 56
2613 8580 669 126 57
2569 8438 687 126 57
2526 8270 697 126 57
2486 8111 696 126 57
2471 7967 670 126 57
2471 7831 655 126 57
2491 7752 642 123 56
2511 7721 645 123 56
2532 7721 661 123 56
2549 7734 664 122 57
2564 7764 685 121 56
2583 7808 693 122 57
2608 7873 694 122 57
2644 7951 693 122 57
2686 8038 693 122 57
2729 8098 693 122 57
2765 8126 702 124 57
2780 8133 696 124 57
2780 8128 702 126 57
2792 8094 693 127 57
2800 8040 693 127 57
2805 7983 691 128 57
2805 7927 694 128 57
2790 7873 699 127 57
2743 7825 679 127 57
2634 7772 633 127 57
2484 7712 595 126 58
2282 7653 519 124 57
2053 7611 542 123 58
1806 7580 570 122 57
1578 7598 603 120 57
1406 7656 669 119 58
1271 7740 681 118 57
1230 7837 664 118 57
1303 7990 637 118 57
1451 8181 641 118 57
1739 8396 658 119 56
2073 8609 671 119 56
2438 8776 655 122 57
2787 8914 625 123 56
3030 9001 586 127 56
3202 9006 592 130 56
3235 8956 643 131 56
3146 8835 666 132 57
2976 8661 697 134 56
2748 8453 727 134 56
2507 8238 755 134 56
2258 8059 730 134 56
2104 7905 733 132 57
2022 7838 733 130 56
1988 7822 703 130 56
1998 7839 694 128 57
2060 7880 690 128 57
2157 7926 694 127 57
2255 7976 694 127 57
2343 7984 687 127 57
2424 7994 679 127 57
2494 8005 678 127 57
2537 7995 667 127 57
2562 7984 682 127 57
2562 7948 688 127 57
2524 7895 705 127 57
2456 7811 724 127 57
2360 7729 725 126 58
2240 7648 733 126 58
2105 7556 710 126 58
1963 7483 702 126 58
1826 7423 693 123 58
1699 7401 702 123 58
1593 7430 705 123 58
1502 7493 694 120 57
1446 7622 673 120 57
1415 7813 678 120 57
1401 8045 673 119 56
1439 8244 670 119 56
1512 8380 667 122 57
1609 8475 693 122 57
1716 8537 696 122 57
1823 8567 697 124 57
1928 8575 699 124 57
1994 8544 714 127 57
2037 8481 720 127 57
2049 8397 725 128 57
2000 8278 745 128 57
1909 8125 754 128 57
1784 7950 737 128 57
1652 7771 727 127 56
1515 7619 705 127 56
1387 7485 717 125 56
1301 7375 711 125 56
1244 7331 687 122 56
1244 7331 684 121 55
1300 7360 685 120 55
1388 7444 666 120 55
1574 7566 673 120 55
1784 7686 685 120 55
2011 7792 697 120 55
2227 7888 725 121 56
2407 7959 749 123 56
2562 8000 770 124 57
2678 8022 806 126 57
2755 8038 827 127 57
2807 8038 845 130 58
2826 8038 861 130 58
2832 8038 872 131 58
2832 8038 869 132 58
2832 8033 834 134 58
2827 8033 733 134 58
2827 8028 491 132 59
