2116 8521 96 129 61
2116 8521 244 129 61
2116 8521 393 129 61
2140 8550 514 129 61
2146 8550 619 127 62
2146 8550 725 127 62
2146 8550 805 127 62
2146 8550 867 127 62
2146 8535 921 127 62
2121 8472 967 127 62
2079 8376 979 127 62
2006 8251 990 127 62
1938 8136 996 127 62
1890 8029 996 127 62
1854 7934 988 124 62
1839 7864 979 123 61
1826 7812 992 123 61
1818 7797 977 122 61
1818 7792 944 120 60
1818 7792 864 119 61
1818 7798 675 117 61
1818 7820 203 117 61
1818 7820 0 117 61
1870 7924 0 117 61
1899 8003 0 119 61
1931 8087 0 119 61
1968 8159 0 119 61
2005 8224 0 119 61
2032 8278 0 119 61
2053 8324 0 120 60
2073 8366 0 120 60
2088 8403 0 120 60
2100 8435 0 121 59
2105 8456 0 121 59
2105 8468 0 122 60
2113 8481 0 124 60
2120 8496 0 124 60
2120 8504 0 125 60
2126 8504 0 125 60
2126 8504 137 126 61
2126 8504 281 126 61
2126 8504 436 126 61
2134 8530 521 127 62
2141 8539 603 127 62
2141 8539 666 127 62
2141 8546 736 127 62
2141 8546 784 127 62
2141 8537 817 127 62
2141 8505 842 127 62
2126 8457 857 127 62
2100 8395 870 127 62
2091 8339 879 127 62
2091 8296 881 127 62
2091 8261 879 126 61
2096 8239 881 128 61
2096 8230 885 128 61
2096 8230 894 128 61
2096 8230 891 128 61
2089 8239 891 128 61
2083 8251 885 128 61
2067 8267 878 128 61
2048 8280 870 128 61
2026 8280 870 126 60
2009 8280 861 126 60
1989 8269 853 126 60
1965 8254 854 126 60
1955 8239 853 126 60
1955 8221 853 126 60
1955 8205 858 125 60
1962 8190 866 125 60
1974 8183 853 125 60
1996 8183 863 125 60
2021 8194 867 125 60
2054 8215 872 125 60
2093 8244 869 125 60
2117 8278 873 125 60
2132 8296 873 125 60
2142 8311 876 126 61
2148 8317 869 126 61
2148 8317 858 128 61
2148 8312 869 128 61
2141 8294 861 128 61
2141 8268 861 128 61
2141 8245 858 129 61
2147 8230 860 129 61
2161 8220 860 129 61
2178 8213 860 129 61
2200 8213 857 129 61
2221 8213 857 127 62
2240 8230 860 127 62
2263 8252 861 127 62
2282 8281 863 127 62
2298 8306 866 129 61
2303 8319 855 130 62
2303 8324 861 130 62
2297 8318 858 130 62
2297 8310 853 130 62
2292 8299 869 130 62
2292 8284 867 130 62
2292 8266 867 130 62
2292 8255 855 130 62
2306 8250 858 130 62
2318 8250 861 130 62
2332 8250 861 130 62
2348 8258 867 130 62
2368 8274 867 130 62
2394 8299 869 130 62
2416 8329 875 130 62
2424 8345 888 130 62
2424 8345 899 130 62
2424 8345 903 130 62
2424 8328 905 130 62
2410 8310 905 132 61
2410 8292 905 132 61
2410 8281 900 132 61
2410 8276 899 132 61
2419 8271 882 132 61
2428 8271 851 132 61
2441 8265 727 132 61
2451 8265 453 132 61
2451 8265 0 132 61
2464 8265 0 130 62
2464 8256 0 130 62
2469 8250 0 130 62
2483 8250 0 130 62
2501 8255 0 129 61
2517 8255 0 129 61
2528 8264 0 129 61
2528 8264 88 129 61
2528 8264 173 130 62
2562 8279 305 130 62
2576 8288 427 130 62
2592 8301 538 132 63
2602 8314 627 132 63
2609 8326 710 132 63
2609 8342 759 132 63
2609 8361 784 135 63
2599 8377 826 135 63
2591 8388 825 135 63
2579 8388 831 135 63
2556 8378 830 135 63
2526 8358 825 135 63
2501 8333 825 135 63
2480 8308 827 135 63
2475 8288 825 135 63
2475 8273 832 135 63
2487 8260 824 133 62
2500 8255 833 133 62
2519 8255 846 133 62
2543 8266 843 133 62
2571 8283 852 133 62
2597 8304 858 133 62
2609 8320 860 133 62
2609 8333 875 135 63
2609 8339 897 135 63
2609 8339 897 135 63
2609 8333 897 135 63
2602 8316 893 135 63
2597 8295 888 135 63
2591 8276 882 135 63
2596 8264 881 135 63
2605 8254 888 135 63
2617 8249 893 135 63
2629 8249 896 135 63
2656 8260 896 135 63
2676 8277 902 135 63
2692 8298 905 135 63
2712 8323 909 135 63
2725 8348 897 133 62
2732 8367 929 133 62
2732 8367 948 133 62
2732 8367 950 133 62
2724 8356 951 133 62
2715 8333 950 133 62
2704 8299 942 133 62
2692 8274 927 133 62
2692 8255 896 133 62
2709 8241 824 133 62
2723 8241 724 132 63
2737 8246 568 132 63
2755 8258 222 132 63
2755 8258 0 132 63
2777 8316 0 133 63
2783 8352 0 133 63
2791 8385 0 133 63
2803 8414 0 133 63
2803 8436 0 133 63
2803 8436 317 133 63
2803 8436 438 133 63
2803 8436 458 135 63
2803 8436 389 133 63
2803 8436 42 133 63
2803 8436 0 133 63
2803 8436 0 133 63
2803 8436 0 133 63
2790 8404 0 133 63
2809 8388 0 133 63
2836 8371 0 133 63
2859 8354 0 133 63
2876 8337 0 133 62
2889 8326 0 133 62
2901 8320 0 133 62
2907 8320 0 133 62
2907 8320 353 133 62
2907 8320 473 133 62
2907 8320 583 133 62
2891 8345 673 135 63
2875 8345 694 135 63
2851 8345 713 135 63
2826 8337 722 137 63
2800 8314 755 137 63
2788 8287 753 137 63
2778 8263 776 137 63
2783 8246 785 137 63
2797 8232 793 133 63
2821 8221 797 133 63
2846 8221 791 133 63
2870 8229 713 133 63
2888 8237 512 133 63
2903 8246 53 133 63
2903 8246 0 133 63
2903 8257 0 133 63
2909 8262 0 133 63
2928 8262 0 133 63
2960 8254 0 133 63
2982 8247 0 133 63
2995 8241 0 132 63
3003 8241 0 132 63
3003 8241 315 132 63
3033 8263 441 130 62
3024 8279 564 132 63
3038 8297 670 132 63
3053 8315 743 132 63
3069 8330 815 132 63
3074 8338 867 132 63
3074 8338 899 133 63
3068 8345 906 133 63
3055 8345 908 135 63
3036 8345 903 135 63
3017 8333 896 135 63
2998 8319 897 135 63
2978 8299 891 135 63
2972 8279 891 135 63
2967 8258 866 135 63
2967 8235 863 135 63
2967 8220 849 135 63
2967 8210 848 135 63
2981 8210 849 135 63
2990 8210 855 135 63
3017 8227 860 135 63
3038 8252 853 135 63
3056 8270 860 135 63
3056 8275 866 135 63
3056 8275 864 135 63
3056 8275 867 135 63
3056 8260 867 135 63
3051 8237 866 135 63
3051 8209 866 135 63
3042 8184 869 135 63
3047 8169 867 135 63
3053 8159 870 135 63
3059 8159 893 135 63
3059 8159 908 133 63
3082 8184 933 133 63
3109 8230 941 133 63
3124 8280 953 132 63
3142 8370 952 133 62
3150 8487 968 133 62
3150 8567 977 133 62
3141 8587 990 133 62
3133 8568 993 133 62
3127 8545 1003 133 62
3101 8456 1009 133 62
3063 8324 1012 133 62
3043 8214 1020 133 62
3035 8101 1008 133 62
3035 8028 1006 132 63
3035 7984 1005 133 63
3042 7968 1020 133 63
3042 7974 1023 132 64
3048 7995 1023 132 64
3070 8074 1023 130 65
3085 8208 1023 130 65
3096 8380 1023 130 65
3096 8594 1023 129 64
3091 8694 1023 129 64
3073 8717 1023 130 63
3064 8717 1023 130 63
3064 8706 1023 130 63
3047 8626 1023 130 63
3024 8499 1023 132 63
3033 8367 1023 132 63
3057 8244 1023 133 63
3090 8128 1023 133 63
3123 8025 1023 133 63
3159 7937 1023 133 63
3195 7859 1017 133 63
3227 7824 1021 133 63
3238 7813 1023 133 63
3238 7819 1023 132 63
3214 7858 1023 130 63
3166 7922 1023 130 63
3103 8003 1023 129 63
2964 8056 1023 129 63
2747 8064 1017 132 63
2477 8042 1023 132 63
2196 8017 1023 132 63
1973 7992 1023 130 63
1789 7978 1023 132 64
1691 7972 1023 132 64
1666 7972 1023 132 64
1689 7972 1023 130 65
1760 8001 1023 130 65
1908 8043 1023 130 65
2107 8087 1023 130 65
2377 8134 1023 130 65
2673 8182 1023 133 65
2986 8229 1023 133 65
3264 8278 1023 135 64
3431 8304 1023 138 64
3525 8315 1023 138 64
3536 8306 1023 140 63
3536 8306 1023 141 64
3536 8306 1023 141 64
3536 8306 1023 143 63
3536 8306 1023 143 63
3531 8306 1023 143 63
3531 8306 1023 143 63
3531 8306 1023 143 63
3531 8306 1023 143 63
3531 8306 1023 143 63
3531 8306 1023 143 63
3531 8300 681 143 63
