1110 8299 98 138 63
1103 8324 213 138 63
1098 8341 305 138 63
1098 8359 425 138 63
1098 8378 542 137 62
1098 8390 644 138 61
1092 8399 727 138 61
1092 8399 760 138 61
1092 8399 770 138 61
1092 8394 790 138 61
1092 8364 808 138 61
1105 8319 817 136 61
1120 8255 829 136 61
1140 8189 819 135 60
1156 8122 828 134 61
1167 8067 833 132 60
1172 8019 833 132 60
1165 7981 840 131 61
1151 7940 857 129 60
1131 7920 858 129 60
1111 7920 863 128 61
1089 7929 832 126 61
1066 7948 827 125 60
1061 7972 833 123 61
1061 7981 828 123 61
1061 7981 824 123 61
1086 7989 818 123 61
1125 7995 803 123 61
1174 8000 785 123 61
1217 8012 785 123 61
1257 8028 790 123 61
1286 8052 800 126 61
1303 8074 828 126 61
1311 8086 864 126 61
1311 8093 891 127 62
1311 8093 894 129 61
1306 8088 881 129 61
1306 8078 864 129 61
1306 8062 854 129 61
1312 8043 853 129 61
1319 8019 869 129 61
1328 7995 857 130 62
1339 7981 861 130 62
1354 7973 863 130 62
1369 7973 861 130 62
1384 7989 854 132 63
1398 8007 863 132 63
1404 8019 853 132 63
1404 8031 854 133 63
1404 8040 854 133 63
1410 8040 860 135 64
1410 8040 837 135 64
1410 8034 830 135 64
1427 8024 828 135 64
1443 8013 822 135 64
1461 8004 797 135 64
1476 7997 720 137 65
1489 7997 551 137 65
1500 8003 244 137 65
1500 8003 0 135 65
1500 8033 0 135 65
1505 8058 0 135 65
1505 8089 0 135 65
1505 8105 0 137 65
1505 8121 0 137 65
1514 8145 0 137 65
1529 8174 0 137 65
1547 8209 0 138 65
1556 8241 0 138 65
1556 8267 0 140 66
1556 8267 0 140 66
1556 8267 567 142 66
1556 8267 567 144 66
1556 8267 633 144 66
1540 8240 676 142 65
1556 8225 705 143 64
1589 8225 724 141 64
1631 8230 734 141 64
1665 8250 749 140 63
1689 8280 783 138 63
1707 8318 849 138 63
1707 8353 909 140 62
1707 8385 938 138 61
1693 8414 964 138 61
1678 8420 956 138 61
1663 8420 950 138 61
1638 8388 950 138 61
1605 8331 956 138 61
1581 8256 950 138 61
1561 8182 941 138 61
1561 8111 937 137 62
1577 8058 951 137 62
1605 8015 933 137 62
1633 8002 941 135 63
1663 8002 965 135 63
1687 8002 986 135 63
1706 8016 994 133 63
1729 8046 985 133 63
1764 8088 986 133 63
1807 8118 973 135 64
1823 8125 962 135 64
1832 8117 958 135 64
1832 8095 956 137 65
1843 8071 962 137 65
1854 8043 961 138 64
1864 8026 938 138 64
1872 8016 914 138 64
1888 8022 855 137 65
1909 8045 788 137 65
1925 8080 570 137 65
1937 8113 163 137 65
1937 8113 0 135 64
1925 8170 0 135 64
1911 8197 0 135 64
1906 8225 0 137 63
1918 8252 0 137 63
1942 8272 0 135 63
1958 8264 0 135 63
1958 8264 431 135 63
1958 8264 512 135 63
1958 8264 564 137 62
1949 8238 570 137 62
1949 8224 496 137 62
1956 8209 344 137 62
1965 8192 132 137 62
1977 8176 1 137 62
1977 8176 0 137 62
2010 8168 0 137 62
2026 8158 0 137 62
2026 8158 139 137 62
2026 8158 316 137 62
2058 8127 444 137 62
2068 8112 551 137 62
2082 8095 613 137 62
2096 8077 661 137 62
2113 8062 707 137 62
2129 8052 725 137 62
2146 8044 790 135 63
2163 8044 861 133 62
2182 8058 903 133 62
2203 8082 983 133 62
2213 8113 1021 135 63
2213 8142 1023 137 62
2198 8171 1023 137 62
2158 8187 1023 137 62
2103 8187 1023 137 62
2040 8175 1023 137 62
1996 8162 796 138 61
2003 8157 516 138 61
2037 8157 181 138 61
2037 8157 0 138 61
2195 8176 0 138 61
2258 8185 0 136 61
2308 8194 0 136 61
2365 8201 0 136 61
2445 8201 0 138 61
2539 8220 0 138 61
2623 8251 0 138 61
2693 8262 0 140 62
2753 8273 0 140 62
2791 8282 0 140 62
2808 8292 0 140 62
2808 8302 0 140 62
2808 8317 0 140 62
2808 8336 0 138 61
2813 8358 0 138 61
2813 8358 473 138 61
2802 8396 565 139 61
2785 8412 760 141 61
2770 8425 872 143 62
2758 8431 911 143 62
2748 8431 941 143 62
2736 8431 956 143 62
2717 8404 981 143 62
2695 8371 1014 143 62
2667 8317 1017 143 62
2641 8262 1020 143 62
2620 8206 1003 141 61
2620 8152 995 141 61
2635 8096 958 141 61
2672 8071 935 140 62
2711 8071 908 140 62
2754 8071 908 140 62
2784 8083 896 140 62
2807 8098 909 141 63
2815 8123 941 141 63
2815 8151 988 140 63
2815 8181 1023 140 63
2800 8196 1023 141 64
2783 8205 1023 141 64
2759 8205 1023 141 64
2730 8182 1023 143 63
2704 8151 1023 141 63
2686 8119 995 140 63
2692 8094 949 138 63
2710 8073 926 138 63
2739 8067 905 138 63
2770 8080 915 137 62
2803 8105 896 137 62
2826 8135 897 138 63
2843 8160 915 138 63
2848 8175 936 138 63
2848 8175 935 140 63
2848 8175 935 140 63
2859 8175 942 141 64
2868 8157 933 141 64
2882 8137 933 141 64
2898 8114 924 143 63
2918 8098 909 143 63
2942 8086 861 143 63
2964 8086 700 141 64
2985 8092 279 141 64
2985 8092 0 140 63
3005 8112 0 140 63
3005 8130 0 140 63
3005 8153 0 140 63
3012 8186 0 137 63
3035 8219 0 137 63
3067 8248 0 135 63
3086 8270 0 135 63
3093 8279 0 133 62
3093 8279 0 133 62
3093 8272 0 133 62
3093 8259 0 132 61
3093 8246 0 132 61
3093 8229 0 134 61
3099 8210 0 135 62
3099 8193 0 133 62
3099 8182 0 133 62
3107 8175 0 133 62
3113 8175 0 133 62
3119 8175 0 133 62
3126 8186 0 133 62
3132 8191 0 133 62
3132 8198 0 133 62
3132 8204 0 133 62
3132 8210 0 133 62
3125 8210 0 133 62
3120 8215 0 133 62
3115 8215 0 133 62
3110 8224 0 133 62
3110 8224 0 133 62
3105 8230 0 133 62
3096 8230 0 133 62
3084 8225 0 133 62
3071 8218 0 133 62
3060 8211 0 133 62
3053 8204 0 133 62
3053 8199 0 132 61
3053 8193 0 132 61
3053 8193 0 132 61
3053 8193 0 132 61
3053 8193 0 132 61
3053 8193 0 132 61
3045 8193 0 132 61
3035 8193 0 132 61
3024 8193 0 132 61
3013 8193 0 132 61
3004 8193 0 132 61
2996 8193 0 132 61
2988 8193 0 132 61
2976 8193 0 132 61
2962 8193 0 132 61
2943 8200 0 132 61
2919 8206 0 132 61
2892 8206 0 132 61
2868 8217 0 132 61
2848 8225 0 132 61
2837 8225 0 132 61
2827 8225 0 132 61
2815 8225 0 132 61
2803 8212 0 132 61
2787 8195 0 132 61
2769 8177 0 132 61
2763 8161 0 132 61
2763 8151 0 132 61
2772 8146 0 132 61
2788 8146 0 132 61
2809 8152 0 132 61
2831 8162 0 132 61
2851 8175 0 132 61
2870 8191 0 133 62
2889 8206 0 133 62
2889 8217 0 133 62
2881 8222 0 133 62
2872 8222 0 133 62
2864 8211 0 133 62
2850 8201 0 133 62
2831 8191 0 133 62
2818 8183 0 133 62
2807 8175 0 133 62
2802 8170 0 133 62
2802 8170 0 133 62
2797 8161 0 133 62
2802 8161 0 133 62
2802 8161 0 133 62
2793 8155 0 133 62
2793 8155 0 133 62
2793 8155 0 133 62
2788 8155 0 133 62
2788 8161 0 133 62
2788 8161 0 133 62
2781 8161 0 133 62
2781 8155 0 133 62
2781 8155 0 133 62
2776 8149 0 133 62
2776 8149 0 135 63
2784 8149 0 135 63
2794 8149 0 135 63
2808 8149 0 135 63
2831 8160 0 133 63
2862 8172 0 132 63
2895 8188 0 132 63
2928 8205 0 132 63
2960 8224 0 132 63
2980 8235 0 130 62
2991 8245 0 130 62
2999 8253 0 130 62
3008 8260 0 132 61
3022 8269 0 131 61
3042 8275 0 132 61
3055 8275 0 132 61
3060 8270 0 132 61
3065 8258 0 132 61
3070 8243 0 134 61
3075 8232 0 132 61
3083 8223 0 132 61
3091 8216 0 132 61
3096 8216 0 132 61
3096 8210 0 132 61
3096 8204 0 132 61
3096 8195 0 132 61
3088 8181 0 130 62
3088 8169 0 130 62
3088 8156 0 130 62
3094 8156 0 130 62
3101 8156 0 130 62
3108 8163 0 130 62
3115 8163 0 130 62
3122 8163 0 130 62
3128 8163 0 130 62
3128 8163 0 130 62
3137 8170 0 132 63
3142 8170 0 133 62
3142 8170 0 133 62
3142 8170 0 133 62
3142 8170 0 133 62
3142 8170 0 133 62
3142 8170 0 133 62
3142 8170 0 133 62
3142 8170 0 133 62
3142 8180 0 133 62
3142 8188 0 133 62
3148 8197 0 133 62
3148 8206 0 133 62
3154 8213 0 133 62
3154 8219 0 133 62
3143 8219 0 133 62
3143 8227 0 133 62
3137 8227 0 133 62
3130 8227 0 133 62
3130 8227 0 133 62
3119 8227 0 133 62
3111 8216 0 132 61
3104 8205 0 132 61
3104 8194 0 132 61
3099 8185 0 132 61
3099 8178 0 132 61
3099 8178 0 132 61
3099 8178 0 132 61
3099 8178 0 132 61
3099 8188 0 132 61
3108 8193 0 132 61
3114 8204 0 132 61
3114 8219 0 132 61
3119 8237 0 132 61
3119 8258 0 132 61
3119 8280 0 132 61
3119 8301 0 132 61
3119 8327 0 132 61
3124 8356 0 134 61
3124 8379 0 134 61
3124 8401 0 134 61
3113 8418 0 134 61
3106 8432 0 134 61
3100 8445 0 135 60
3100 8458 0 135 60
3100 8458 139 135 60
3100 8486 253 135 60
3100 8498 410 135 60
3100 8508 541 135 60
3100 8513 619 135 60
3100 8513 675 135 60
3100 8502 728 135 60
3100 8470 776 135 60
3094 8422 824 135 60
3084 8365 836 136 61
3074 8297 854 136 61
3068 8223 855 136 61
3068 8164 846 138 61
3081 8121 829 138 61
3103 8089 790 138 61
3144 8071 754 138 61
3195 8071 742 137 62
3243 8086 739 137 62
3276 8106 754 137 62
3298 8132 776 137 62
3311 8161 811 137 62
3311 8190 860 137 62
3311 8216 875 135 62
3300 8237 906 135 62
3286 8244 923 137 62
3269 8244 917 137 62
3246 8225 914 137 62
3224 8202 914 137 62
3207 8171 899 137 62
3207 8136 899 137 62
3207 8103 882 137 62
3226 8084 881 137 62
3245 8073 884 137 62
3266 8073 896 137 62
3287 8090 896 137 62
3312 8117 896 135 62
3336 8145 893 135 62
3347 8169 896 135 62
3347 8176 894 135 62
3347 8176 864 135 62
3347 8162 832 135 62
3347 8149 743 135 62
3347 8132 642 135 62
3359 8115 455 135 62
3377 8102 282 135 62
3396 8092 208 135 62
3414 8092 210 137 62
3435 8102 218 137 62
3455 8116 281 137 62
3475 8135 337 137 62
3495 8150 399 137 62
3515 8158 501 137 62
3523 8158 592 137 62
3523 8142 664 137 62
3523 8121 719 137 62
3523 8100 754 137 62
3518 8088 782 137 62
3518 8081 818 137 62
3518 8081 839 137 62
3518 8096 827 138 63
3518 8117 817 138 63
3518 8146 790 138 63
3529 8172 783 138 63
3542 8195 788 138 63
3555 8212 779 138 63
3579 8228 743 138 63
3605 8228 733 140 63
3632 8222 722 140 63
3649 8203 721 140 63
3660 8181 749 140 63
3660 8154 749 140 63
3673 8126 760 141 64
3687 8098 758 141 64
3701 8078 755 141 64
3717 8062 752 141 64
3732 8062 757 141 64
3745 8068 763 140 63
3766 8087 762 140 63
3785 8122 762 140 63
3791 8162 796 138 63
3791 8206 824 138 63
3773 8238 858 138 63
3748 8251 870 138 63
3717 8251 860 138 63
3683 8239 831 138 63
3651 8221 823 138 63
3641 8197 765 138 63
3641 8173 745 140 62
3665 8149 710 141 63
3691 8137 710 141 63
3720 8137 725 141 63
3761 8149 730 141 63
3803 8170 733 141 63
3843 8195 722 141 63
3881 8218 751 141 63
3908 8234 787 141 63
3926 8234 788 141 63
3937 8223 818 141 63
3948 8203 827 141 63
3960 8182 819 141 63
3976 8156 817 141 63
3997 8138 827 141 63
4022 8125 821 141 63
4048 8125 811 141 63
4078 8125 794 141 63
4095 8131 716 141 63
4104 8131 553 140 63
4104 8131 58 140 63
4104 8131 0 140 63
4092 8131 0 140 63
4078 8142 0 140 63
4060 8157 0 138 63
4024 8171 0 137 63
3976 8171 0 137 63
3917 8152 0 135 63
3842 8139 0 135 63
3755 8127 0 133 62
3646 8117 0 132 63
3528 8107 0 132 63
3404 8099 0 132 63
3273 8093 0 132 63
3138 8081 0 132 63
3000 8064 0 130 63
2879 8043 0 130 63
2775 8021 0 132 64
2683 7991 0 130 65
2610 7957 0 130 65
2610 7957 522 130 65
2545 7891 518 132 64
2534 7877 616 132 64
2544 7855 690 133 63
2567 7833 725 135 64
2628 7811 748 137 63
2734 7805 763 140 63
2869 7805 782 140 63
3053 7830 779 140 63
3260 7868 771 140 62
3481 7917 759 140 62
3686 7980 749 140 62
3837 8043 725 140 62
3952 8106 722 141 63
4013 8175 707 141 63
4034 8250 694 141 63
4028 8328 697 143 63
3996 8407 702 143 63
3919 8471 714 146 63
3813 8524 731 146 63
3660 8551 725 146 63
3485 8571 730 146 63
3296 8579 684 143 63
3098 8579 696 143 63
2918 8557 708 143 63
2751 8527 733 141 63
2608 8483 730 141 63
2493 8435 736 141 63
2397 8382 720 141 63
2345 8330 716 140 62
2345 8278 697 140 62
2368 8225 662 140 62
2439 8172 613 141 61
2536 8128 572 141 61
2650 8091 577 141 61
2757 8059 572 141 63
2824 8025 591 141 63
2864 7989 611 141 63
2872 7944 652 143 63
2855 7899 707 143 63
2822 7860 746 143 63
2797 7846 761 143 63
2791 7846 693 143 63
2798 7864 106 143 63
2798 7864 0 143 63
2765 7924 0 141 63
2715 7941 0 140 63
2623 7941 0 140 63
2534 7932 0 140 63
2473 7907 0 140 63
2428 7881 0 143 63
2383 7853 0 144 62
2339 7833 0 144 62
2301 7817 0 146 62
2270 7808 0 147 61
2247 7808 0 145 60
2229 7808 0 146 60
2213 7808 0 146 60
2199 7803 0 144 60
2199 7803 106 142 61
2199 7803 305 141 61
2161 7803 369 140 62
2130 7803 491 138 63
2085 7803 570 138 63
2027 7793 591 138 64
1961 7783 644 138 64
1891 7783 713 138 64
1803 7783 767 138 64
1703 7792 811 140 65
1596 7811 833 140 65
1490 7837 824 140 65
1387 7875 836 140 65
1288 7919 834 140 65
1202 7968 834 140 63
1124 8015 834 140 63
1050 8062 822 140 63
985 8106 797 138 63
931 8148 770 138 63
903 8185 750 137 63
892 8217 742 138 64
904 8245 728 138 64
945 8274 713 138 64
1005 8310 702 141 64
1108 8349 694 141 64
1226 8393 682 141 64
1353 8434 671 143 63
1501 8467 638 143 63
1664 8485 617 141 63
1836 8493 619 143 62
1980 8480 627 143 62
2072 8445 639 143 62
2129 8396 643 144 61
2144 8349 691 144 61
2144 8315 728 142 61
2132 8289 748 142 61
2114 8272 727 144 60
2072 8253 710 144 60
2014 8230 647 142 59
1959 8207 572 142 59
1933 8184 289 142 59
1926 8172 1 141 60
1926 8172 0 141 60
1960 8193 0 141 60
1970 8239 0 141 60
1970 8298 0 141 60
1945 8363 0 141 60
1897 8436 0 141 60
1834 8515 0 141 60
1789 8585 0 141 60
1746 8632 0 141 60
1704 8665 0 141 60
1649 8709 0 142 59
1586 8726 0 142 59
1526 8726 0 144 60
1485 8726 0 145 60
1456 8726 0 147 61
1433 8726 0 147 61
1414 8718 0 148 61
1401 8709 0 147 62
1390 8697 0 149 63
1390 8697 0 149 63
1390 8697 0 148 63
1405 8697 0 146 63
1429 8706 0 146 63
1457 8711 0 146 63
1485 8711 0 146 63
1511 8711 0 146 63
1511 8711 251 148 63
1541 8703 334 146 64
1541 8703 399 146 64
1536 8703 465 146 64
1529 8691 493 146 64
1519 8677 518 146 64
1500 8657 551 146 64
1475 8636 659 145 64
1446 8623 702 145 64
1428 8615 731 145 64
1412 8615 763 143 63
1400 8615 757 143 63
1393 8623 749 141 63
1393 8623 694 141 63
1393 8633 611 140 62
1402 8645 542 140 62
1428 8661 488 140 62
1465 8678 422 140 62
1498 8694 371 140 62
1523 8707 344 141 63
1542 8716 327 141 63
1542 8716 322 141 63
1526 8716 285 143 63
1509 8716 132 143 63
1509 8716 0 143 63
1478 8716 0 143 63
1468 8716 0 143 63
1462 8729 0 143 63
1462 8737 0 143 63
1469 8742 0 143 63
1469 8742 112 143 63
1469 8742 384 143 63
1469 8742 477 143 63
1444 8748 595 143 63
1430 8748 608 143 63
1424 8748 586 143 63
1424 8748 522 141 64
1429 8748 282 141 64
1429 8748 0 141 64
1443 8753 0 141 64
1436 8753 0 141 64
1420 8764 0 141 64
1408 8774 0 143 63
1402 8784 0 143 63
1421 8796 0 145 64
1455 8813 0 146 63
1521 8833 0 147 62
1611 8844 0 148 61
1717 8851 0 148 60
1851 8851 0 147 59
2011 8836 0 147 58
2187 8819 0 147 56
2365 8819 0 145 56
2516 8824 0 145 56
2649 8835 0 144 56
2759 8840 0 144 56
2844 8848 0 144 56
2912 8858 0 143 56
2958 8864 0 143 56
2989 8864 0 143 56
3010 8864 0 140 56
3028 8850 0 139 56
3036 8833 0 139 56
3036 8815 0 136 56
3041 8798 0 138 57
3041 8783 0 138 57
3049 8770 0 138 57
3049 8760 0 136 57
3055 8752 0 136 57
3055 8745 0 136 57
3046 8738 0 136 58
3032 8730 0 136 58
3019 8723 0 136 58
3019 8723 91 136 60
2993 8711 315 136 60
2978 8711 394 136 60
2958 8705 499 136 61
2939 8700 550 136 61
2934 8700 557 136 61
2934 8695 554 136 61
2940 8695 551 138 61
2940 8688 561 138 61
2951 8688 592 138 61
2975 8688 628 138 61
3009 8699 667 138 61
3038 8706 714 138 61
3060 8712 746 136 61
3077 8712 802 136 61
3077 8712 858 136 61
3077 8712 896 136 61
3066 8718 911 136 61
3061 8718 899 136 61
3047 8723 815 136 61
3027 8730 628 136 61
3009 8730 185 136 61
3009 8730 0 136 61
2974 8745 0 136 61
2965 8758 0 136 61
2965 8780 0 136 61
2983 8801 0 136 61
3001 8820 0 136 61
3016 8835 0 135 60
3016 8835 309 135 60
3016 8835 499 135 60
3023 8867 696 136 61
3023 8872 765 138 60
3023 8872 794 138 60
3032 8872 809 138 60
3041 8872 817 138 60
3067 8872 793 139 61
3104 8878 633 141 60
3132 8870 53 141 60
3132 8870 0 141 60
3145 8848 0 139 60
3115 8842 0 139 60
3102 8836 0 139 60
3102 8826 0 139 60
3047 8810 0 138 59
3005 8776 0 139 58
2971 8732 0 139 57
2944 8666 0 138 57
2897 8580 0 138 55
2836 8480 0 136 55
2774 8376 0 135 54
2713 8275 0 134 54
2656 8176 0 133 54
2597 8090 0 130 55
2541 8016 0 130 56
2482 7951 0 128 58
2428 7901 0 128 59
2381 7850 0 131 61
2337 7809 0 132 61
2306 7774 0 133 62
2278 7750 0 133 62
2267 7738 0 135 63
2267 7738 0 135 62
2280 7738 0 136 61
2294 7738 0 136 61
2302 7738 0 135 60
2302 7738 149 135 60
2307 7706 480 134 61
2299 7706 545 134 61
2292 7706 644 132 61
2299 7706 671 132 61
2311 7706 676 132 61
2332 7706 673 132 61
2349 7706 664 130 62
2362 7706 644 132 63
2372 7698 637 132 63
2372 7698 641 132 63
2372 7698 650 133 62
2372 7698 652 133 62
2363 7698 630 133 62
2354 7692 570 133 62
2345 7682 414 135 63
2337 7669 1 135 63
2337 7669 0 135 63
2352 7657 0 135 63
2365 7675 0 133 62
2381 7683 0 133 62
2397 7683 0 133 62
2403 7672 0 133 62
2403 7672 161 133 62
2403 7625 539 133 62
2394 7614 671 133 62
2384 7614 770 133 62
2389 7614 785 133 62
2395 7608 788 133 62
2406 7601 773 133 62
2421 7593 630 133 62
2437 7580 48 133 62
