1077 8150 149 117 65
1077 8150 185 119 64
1043 8130 282 119 64
1036 8130 389 119 64
1029 8139 404 119 64
1022 8160 455 117 63
1017 8191 488 117 63
1017 8239 507 117 63
1028 8301 521 119 63
1044 8373 553 119 63
1079 8464 595 119 63
1126 8538 639 119 63
1170 8602 666 117 63
1207 8639 702 117 63
1238 8656 714 117 63
1264 8656 737 117 63
1295 8629 768 117 63
1333 8570 788 117 63
1362 8492 824 117 63
1386 8385 853 117 63
1386 8259 884 117 63
1377 8120 920 116 63
1352 7945 937 118 62
1313 7767 941 116 63
1276 7634 944 116 63
1240 7533 948 116 63
1216 7468 951 114 62
1206 7444 926 114 62
1206 7444 894 113 61
1187 7477 863 111 61
1156 7563 855 110 60
1115 7686 832 110 60
1070 7854 821 110 60
1061 8002 824 109 60
1076 8138 821 111 59
1119 8201 824 111 59
1163 8224 821 111 59
1211 8224 832 113 59
1265 8175 836 113 59
1318 8096 845 113 60
1368 7995 851 115 60
1397 7901 852 116 60
1425 7837 855 116 60
1452 7793 855 117 61
1482 7771 863 116 63
1516 7771 853 117 63
1555 7791 854 117 63
1592 7829 857 117 63
1624 7862 860 119 64
1652 7893 855 119 64
1671 7893 853 120 64
1681 7886 867 120 64
1681 7876 855 122 63
1702 7870 872 122 63
1724 7870 893 125 64
1770 7876 923 125 64
1831 7901 936 125 64
1926 7935 945 125 64
2057 7971 934 125 64
2212 8012 947 125 64
2404 8056 958 125 64
2601 8101 964 125 64
2805 8145 973 125 64
3013 8193 982 125 64
3219 8244 985 125 64
3420 8288 982 125 64
3603 8328 977 125 64
3775 8358 964 129 64
3879 8381 958 129 64
3940 8397 934 129 64
3972 8408 923 130 63
3977 8413 866 129 63
3977 8420 793 129 63
3977 8428 544 129 63
3977 8428 0 129 63
3936 8443 0 129 63
3897 8443 0 129 63
3866 8443 0 127 62
3835 8451 0 127 62
3810 8451 0 126 61
3795 8468 0 125 60
3787 8489 0 124 60
3787 8529 0 121 58
3777 8564 0 120 55
3754 8615 0 118 53
3721 8678 0 117 50
3686 8745 0 115 46
3638 8829 0 114 43
3580 8925 0 112 41
3496 9038 0 112 42
3293 9191 0 112 43
3011 9370 0 113 46
2859 9438 0 113 49
2678 9467 0 112 51
2478 9467 0 111 53
2314 9422 0 111 55
2134 9332 0 110 56
1942 9214 0 110 56
1746 9056 0 110 56
1611 8879 0 113 57
1516 8690 0 117 58
1439 8520 0 121 59
1393 8356 0 126 61
1368 8195 0 129 63
1380 8101 0 130 63
1400 8027 0 130 65
1424 7967 0 133 67
1435 7924 0 135 69
1443 7890 0 135 71
1449 7863 0 135 71
1442 7844 0 135 71
1435 7844 0 135 69
1427 7851 0 137 69
1427 7874 0 137 67
1427 7915 0 139 67
1427 7968 0 138 65
1427 8050 0 138 65
1434 8141 0 137 65
1443 8237 0 135 65
1451 8352 0 135 65
1467 8474 0 135 65
1489 8600 0 133 66
1515 8676 0 135 67
1515 8676 241 135 67
1535 8715 281 135 67
1543 8688 381 135 67
1554 8564 475 137 66
1565 8375 554 137 66
1565 8141 617 135 65
1557 7897 694 133 65
1533 7647 700 133 65
1513 7503 685 130 65
1502 7418 658 129 64
1502 7372 591 127 63
1502 7372 537 125 64
1507 7432 512 125 64
1507 7531 364 124 63
1494 7706 366 125 64
1471 7882 475 125 64
1442 8059 551 125 64
1430 8147 577 125 64
1435 8194 619 125 64
1450 8213 667 127 63
1470 8218 728 127 63
1495 8203 754 127 63
1528 8174 796 127 63
1566 8130 805 129 63
1606 8089 814 129 63
1647 8050 823 127 63
1686 8026 832 126 62
1722 8009 827 126 62
1756 7996 827 126 62
1779 7989 817 126 62
1798 7981 815 126 62
1813 7960 806 127 63
1823 7930 787 127 63
1818 7892 714 127 63
1804 7859 441 129 64
1804 7859 0 129 64
1785 7847 0 129 64
1777 7894 0 129 64
1759 7969 0 129 64
1734 8063 0 127 63
1700 8138 0 127 63
1668 8207 0 126 62
1640 8254 0 126 62
1630 8288 0 124 62
1630 8288 273 123 61
1645 8332 405 123 61
1656 8347 491 123 61
1668 8354 512 124 60
1685 8354 519 124 60
1701 8354 473 125 60
1712 8347 294 126 60
1712 8347 0 126 60
1727 8332 0 128 61
1727 8332 0 128 61
1710 8332 0 129 60
1698 8332 0 129 60
1690 8323 0 129 60
1700 8306 0 129 60
1700 8306 0 126 60
1745 8274 0 126 60
1767 8265 0 125 59
1786 8258 0 123 59
1807 8258 0 123 59
1819 8258 0 123 59
1826 8263 0 121 58
1834 8279 0 121 58
1842 8309 0 121 58
1850 8348 0 121 58
1856 8389 0 123 59
1864 8430 0 123 59
1872 8473 0 124 58
1887 8520 0 125 59
1906 8570 0 125 59
1927 8620 0 126 60
1947 8668 0 126 60
1973 8713 0 126 60
1973 8713 42 128 61
1987 8789 338 128 61
1974 8804 423 129 61
1969 8804 514 129 61
1969 8796 565 127 62
1959 8752 634 129 63
1949 8683 700 129 63
1937 8543 748 129 63
1926 8367 785 129 63
1918 8166 788 129 63
1912 8020 800 129 63
1928 7928 799 126 62
1947 7871 796 126 62
1968 7849 800 126 62
1993 7882 790 124 62
2026 7951 777 124 62
2068 8104 765 124 62
2089 8263 785 124 62
2094 8425 793 124 62
2087 8550 797 124 62
2087 8621 759 126 61
2087 8656 791 126 61
2087 8656 830 126 61
2087 8633 837 127 62
2080 8591 863 127 62
2073 8500 903 127 62
2056 8387 897 127 62
2033 8259 894 127 62
2033 8161 873 127 62
2059 8096 828 126 61
2100 8053 794 126 61
2140 8038 762 126 61
2170 8054 728 125 60
2194 8090 668 125 60
2204 8156 620 125 60
2204 8227 570 124 60
2196 8301 570 124 60
2196 8322 570 124 60
2196 8322 586 124 60
2196 8317 611 124 60
2190 8283 638 125 60
2185 8251 669 126 60
2185 8220 703 126 60
2177 8186 724 126 60
2187 8162 737 125 59
2207 8145 745 125 59
2236 8131 751 124 60
2261 8117 737 124 60
2284 8117 728 125 60
2319 8117 725 125 60
2350 8127 720 125 60
2378 8138 730 126 61
2400 8151 727 126 61
2417 8162 727 126 61
2431 8188 724 127 62
2449 8225 722 127 62
2467 8271 716 127 62
2484 8326 707 127 62
2498 8388 707 127 62
2508 8419 710 127 62
2514 8432 727 129 63
2508 8432 727 130 62
2490 8425 748 130 62
2463 8397 780 130 62
2420 8355 790 130 62
2381 8296 806 129 61
2360 8236 809 129 61
2348 8175 802 127 62
2358 8139 768 127 62
2373 8121 751 127 62
2404 8121 739 127 62
2444 8144 730 127 62
2488 8186 725 126 61
2523 8230 728 126 61
2544 8264 721 127 62
2559 8280 727 127 62
2573 8289 731 127 62
2585 8283 745 127 62
2595 8273 752 127 62
2606 8255 750 129 63
2619 8229 757 129 63
2632 8198 762 130 62
2641 8173 757 130 62
2647 8163 750 129 63
2647 8163 737 129 63
2647 8163 696 129 63
2653 8178 671 129 63
2664 8200 622 129 63
2674 8216 572 129 63
2683 8232 550 129 63
2693 8244 568 129 63
2693 8244 605 129 63
2693 8244 658 129 63
2693 8244 694 127 62
2701 8244 724 127 62
2701 8231 725 127 62
2709 8217 737 127 62
2714 8201 743 126 61
2720 8186 745 126 61
2726 8186 751 126 61
2731 8186 740 126 61
2731 8186 733 126 61
2731 8192 675 126 61
2737 8192 512 126 61
2737 8192 36 126 61
2737 8192 0 124 62
2726 8185 0 124 62
2719 8174 0 124 62
2719 8174 0 124 62
2719 8174 0 124 62
2719 8181 0 124 62
2729 8193 0 124 62
2735 8208 0 124 62
2735 8221 0 124 62
2744 8232 0 124 62
2744 8240 0 124 62
2744 8247 0 124 62
2744 8255 0 124 62
2744 8255 158 124 62
2733 8286 314 124 62
2733 8300 414 124 62
2733 8309 532 126 61
2743 8309 608 126 61
2754 8304 673 127 62
2773 8304 696 127 62
2800 8293 710 127 62
2828 8286 724 127 62
2854 8279 727 127 62
2879 8271 725 129 61
2891 8263 716 129 61
2896 8256 700 130 62
2902 8251 691 130 62
2902 8251 659 130 62
2893 8240 589 130 62
2884 8232 473 130 62
2884 8232 396 129 63
2844 8206 314 129 63
2821 8186 304 129 63
2801 8168 315 129 63
2790 8160 393 129 63
2784 8160 522 129 63
2779 8152 588 129 63
2779 8146 639 127 63
2779 8146 644 127 63
2785 8140 649 127 63
2799 8140 653 127 63
2820 8149 655 127 63
2849 8165 653 126 62
2875 8179 643 126 62
2897 8197 619 126 62
2912 8218 562 126 62
2921 8228 396 126 62
2926 8234 95 126 62
2926 8234 0 126 62
2926 8225 0 126 62
2932 8213 0 127 62
2927 8200 0 126 62
2927 8195 0 126 62
2921 8195 0 126 62
2921 8205 0 126 62
2921 8215 0 126 62
2912 8228 0 124 62
2912 8243 0 124 62
2912 8254 0 124 62
2912 8264 0 124 62
2920 8273 0 124 62
2933 8279 0 123 61
2954 8289 0 123 61
2979 8303 0 125 60
3003 8314 0 125 60
3022 8324 0 125 60
3039 8331 0 125 60
3048 8337 0 125 60
3048 8345 0 125 60
3048 8355 0 126 60
3048 8355 0 126 60
3043 8350 0 126 60
3036 8345 0 126 60
3029 8345 0 126 60
3024 8350 0 126 60
3024 8365 0 126 60
3040 8406 0 126 60
3058 8474 0 126 60
3078 8559 0 126 60
3078 8559 398 126 60
3094 8717 557 126 60
3082 8775 662 126 60
3082 8801 722 126 60
3089 8779 780 125 60
3089 8724 802 125 60
3096 8582 826 126 61
3090 8403 846 126 61
3077 8200 863 126 61
3060 8082 836 126 61
3050 8022 757 127 62
3059 8001 717 127 62
3079 8019 646 127 62
3117 8104 504 127 62
3158 8235 485 127 62
3201 8396 516 127 62
3201 8548 588 127 62
3181 8693 666 127 62
3151 8799 722 127 62
3151 8839 791 127 62
3151 8839 864 126 61
3151 8784 924 128 61
3158 8677 994 128 61
3158 8532 1023 128 61
3168 8385 1023 128 61
3176 8280 997 128 61
3201 8204 944 128 61
3221 8175 826 128 61
3238 8170 591 128 61
3246 8180 225 129 61
3246 8180 0 129 61
3221 8272 0 129 61
3174 8333 0 129 61
3126 8388 0 129 61
3126 8388 109 130 62
3068 8411 250 130 62
3083 8411 440 130 62
3112 8402 646 130 62
3163 8391 823 132 61
3214 8380 950 132 61
3265 8367 967 132 61
3313 8353 977 132 61
3350 8331 977 131 61
3379 8315 959 134 61
3394 8302 915 134 61
3399 8291 827 134 61
3399 8291 641 134 61
3399 8291 291 134 61
3372 8309 1 134 61
3372 8309 0 134 61
3328 8377 0 134 61
3302 8426 0 134 61
3277 8470 0 134 61
3264 8504 0 132 60
3264 8504 366 132 60
3264 8504 498 129 60
3250 8539 617 129 60
3250 8550 656 128 59
3267 8573 588 128 59
3286 8605 420 128 59
3304 8619 214 125 59
3335 8632 66 125 59
3335 8632 0 125 59
3335 8632 37 125 59
3455 8691 212 125 59
3484 8726 413 126 60
3507 8740 613 126 60
3527 8747 750 126 60
3548 8741 834 128 61
3569 8703 899 128 61
3581 8645 920 128 61
3589 8556 944 129 61
3589 8478 938 129 61
3599 8407 946 130 62
3606 8364 941 130 62
3613 8338 933 130 62
3613 8324 945 132 61
3613 8324 944 133 62
3613 8324 944 133 62
3601 8332 939 135 62
3583 8332 933 135 62
3556 8332 933 135 62
3526 8326 941 135 62
3494 8306 934 135 62
3457 8290 976 135 62
3420 8277 991 135 62
3382 8267 1009 135 62
3375 8267 1000 135 62
3375 8267 980 135 62
3380 8274 906 134 61
3409 8304 809 134 61
3453 8348 702 134 61
3494 8393 661 134 61
3534 8433 661 134 61
3573 8462 670 134 61
3608 8480 700 134 61
3642 8480 748 135 62
3676 8480 823 135 62
3709 8454 896 135 62
3742 8421 921 135 62
3765 8382 951 135 62
3781 8349 933 135 62
3781 8327 951 135 62
3781 8312 939 135 62
3775 8306 923 135 62
3775 8306 887 135 62
3756 8311 863 135 62
3733 8325 827 135 62
3713 8335 818 135 62
3695 8342 818 135 62
3680 8335 824 136 61
3666 8324 824 136 61
3659 8315 822 136 61
3659 8308 840 136 61
3679 8308 866 136 61
3713 8320 860 136 61
3761 8336 819 136 61
3824 8372 739 135 62
3898 8420 634 135 62
3981 8477 467 135 62
4061 8536 329 135 62
4137 8601 242 135 62
4212 8670 302 135 62
4207 8744 477 135 62
4207 8818 678 134 61
4187 8851 819 134 61
4164 8857 878 134 61
4132 8841 939 132 61
4100 8788 1005 132 61
4068 8710 1023 132 61
4052 8621 1023 132 61
4046 8514 1023 132 61
4040 8394 1023 133 62
4040 8289 1023 133 62
4045 8195 1023 133 62
4057 8109 1023 133 62
4065 8026 1023 135 63
4060 7971 1023 135 63
4049 7936 976 135 63
4049 7936 896 133 63
4049 7936 797 133 63
4022 7953 791 132 64
4010 8030 794 132 64
4026 8119 790 132 64
4064 8216 821 132 64
4117 8268 857 133 63
4184 8305 860 133 63
4251 8331 870 135 63
4316 8352 876 135 63
4358 8372 882 135 63
4387 8388 887 137 62
4387 8404 884 137 62
4387 8429 876 137 62
4376 8461 867 138 61
4356 8485 869 138 61
4350 8485 863 136 61
4350 8473 860 136 61
4335 8434 855 136 61
4316 8401 848 136 61
4316 8371 824 136 61
4329 8358 731 135 60
4343 8366 540 135 60
