1432 7717 222 173 61
1418 7662 309 171 62
1418 7662 435 168 63
1418 7654 533 166 63
1418 7647 608 164 63
1430 7647 672 163 64
1444 7642 746 163 64
1473 7651 817 163 64
1511 7667 863 163 64
1550 7688 905 165 64
1594 7718 909 165 64
1650 7762 924 165 64
1714 7815 921 165 64
1779 7881 912 165 64
1842 7970 908 165 64
1891 8075 890 167 64
1933 8186 890 168 63
1964 8285 891 168 63
1983 8376 896 170 63
1993 8439 894 171 62
2005 8496 891 173 62
2016 8541 897 173 62
2027 8559 891 175 61
2027 8559 888 175 61
2019 8535 897 176 61
1990 8433 948 177 60
1961 8281 950 177 60
1933 8132 974 176 61
1927 8010 992 176 61
1936 7906 987 176 61
1956 7831 1006 174 62
1969 7780 1014 174 62
1976 7745 1015 174 63
1984 7723 1017 172 63
1984 7723 1023 172 64
1990 7723 1023 172 64
1990 7735 1023 172 64
1990 7772 1005 172 64
1990 7829 986 172 64
1981 7902 959 172 64
1962 7983 934 172 64
1921 8069 933 172 64
1873 8118 933 172 63
1820 8139 937 172 63
1755 8139 946 172 63
1692 8115 958 172 63
1636 8085 967 172 63
1603 8049 973 172 63
1584 8013 974 172 63
1584 7977 997 172 63
1618 7939 1000 172 63
1673 7918 1023 172 63
1751 7909 1023 172 63
1833 7925 1023 170 63
1911 7946 1023 170 64
1984 7970 1023 170 64
2030 7997 1023 170 64
2062 8023 1023 170 64
2084 8057 1023 172 64
2084 8096 1023 172 64
2084 8118 1023 172 64
2078 8136 1023 174 64
2078 8149 1023 174 64
2073 8149 1023 174 64
2073 8149 1023 174 63
2073 8128 1023 174 63
2063 8099 1023 174 63
2049 8062 1023 174 63
2049 8044 1023 174 63
2049 8018 1023 174 63
2054 7987 1023 174 64
2063 7969 1023 174 64
2063 7969 1023 174 64
2094 7969 1023 174 65
2114 7984 1023 174 65
2143 8010 1023 174 65
2179 8045 1023 174 65
2203 8078 1023 174 65
2218 8109 1023 174 65
2226 8138 1023 176 65
2239 8167 1023 176 64
2239 8178 1023 176 64
2239 8178 1023 178 63
2239 8173 1023 178 63
2230 8163 1023 178 63
2220 8126 1023 178 62
2198 8073 1023 178 62
2191 8044 1023 178 63
2191 8013 1023 178 63
2219 7979 1023 178 63
2239 7965 1023 176 64
2256 7965 984 176 64
2294 7965 903 176 64
2330 7982 737 176 65
2365 8008 377 176 65
2365 8008 0 176 65
2437 8084 0 176 65
2468 8123 0 176 65
2495 8145 0 176 64
2495 8145 219 176 64
2530 8182 392 176 63
2539 8193 530 176 63
2539 8201 611 176 62
2539 8209 669 176 62
2545 8214 758 178 62
2545 8214 818 180 61
2545 8214 842 180 61
2537 8214 857 180 61
2531 8214 884 182 61
2507 8180 935 182 60
2471 8133 977 184 61
2445 8085 1023 184 61
2431 8037 1023 182 61
2425 7990 1023 182 61
2425 7954 1023 182 62
2425 7923 1023 180 62
2442 7903 1023 180 62
2460 7893 1023 180 62
2485 7893 1023 180 62
2515 7909 1023 180 62
2549 7941 1023 180 62
2579 7982 1023 180 62
2597 8021 1023 180 62
2606 8059 1023 182 62
2614 8102 1023 182 62
2622 8149 1023 182 62
2622 8170 1023 182 62
2614 8185 1023 184 62
2614 8185 1023 184 62
2614 8185 1023 184 62
2607 8164 1023 184 62
2601 8119 1023 184 62
2588 8056 1023 184 62
2588 8009 1023 184 62
2596 7971 1023 184 62
2602 7938 1023 184 63
2611 7924 1023 184 63
2622 7917 1023 184 63
2647 7917 1023 184 63
2671 7917 1023 184 62
2696 7938 1023 184 62
2725 7970 890 182 62
2744 8003 611 182 62
2744 8003 0 182 63
2740 8046 0 180 63
2707 8046 0 180 63
2661 8036 0 180 64
2617 8015 0 180 64
2578 7990 0 178 65
2538 7960 0 180 65
2497 7929 0 180 65
2446 7887 0 180 65
2387 7837 0 180 65
2323 7793 0 180 64
2257 7747 0 180 64
2192 7697 0 178 64
2146 7646 0 178 63
2146 7646 139 176 63
2100 7612 214 176 63
2093 7621 349 176 63
2093 7655 430 174 64
2112 7705 485 174 64
2138 7783 490 174 64
2177 7928 389 172 64
2223 8118 441 172 64
2256 8314 504 174 63
2283 8462 546 174 63
2307 8577 616 174 62
2313 8640 644 176 62
2304 8640 694 176 61
2284 8599 815 178 61
2222 8442 929 178 60
2150 8217 1009 180 60
2072 7948 1023 180 60
2014 7737 1023 180 60
1987 7581 1023 180 61
1981 7463 1023 178 61
1981 7391 1023 178 62
1989 7353 1023 176 62
1997 7337 1023 174 63
2006 7337 1023 172 64
2017 7374 1023 172 64
2023 7437 1023 172 64
2003 7553 968 172 64
1967 7681 941 174 64
1900 7817 956 174 64
1791 7944 992 174 64
1655 8025 1000 176 63
1519 8076 1023 178 63
1439 8107 1023 178 63
1396 8130 1023 180 62
1396 8147 1023 180 62
1502 8206 1023 180 62
1677 8270 1023 180 61
1918 8338 1023 180 61
2197 8390 1023 180 61
2501 8410 1023 180 60
2783 8410 1015 182 60
2943 8410 988 182 60
3021 8410 990 182 59
3021 8418 977 183 59
2931 8440 991 183 59
2788 8461 1023 185 58
2559 8480 1023 185 58
2291 8470 1023 186 58
1998 8442 1023 186 58
1722 8405 1023 186 58
1484 8356 1023 188 58
1270 8300 1023 186 58
1121 8251 1023 186 58
1080 8227 1023 185 59
1112 8221 1023 183 59
1258 8216 1023 182 59
1533 8229 1023 180 60
1894 8255 1023 180 60
2257 8230 1023 180 60
2478 8206 1023 180 60
2603 8179 1023 182 60
2603 8147 1023 183 60
2485 8084 1023 185 60
2290 8004 1023 187 60
1996 7922 1023 187 60
1690 7843 1023 189 61
1377 7767 1023 187 61
1166 7706 1023 187 61
1076 7662 1023 186 62
1066 7629 1023 184 62
1103 7592 1023 182 62
1241 7568 1023 180 62
1446 7552 1023 180 62
1761 7566 1023 180 62
2129 7595 1023 178 62
2532 7633 1023 180 62
2865 7674 1023 180 62
3072 7698 1023 180 62
3196 7710 727 180 62
