1263 7732 20 143 59
1304 7724 49 143 59
1319 7718 105 142 59
1329 7718 184 142 59
1342 7700 212 141 60
1352 7685 289 141 60
1352 7666 399 139 60
1352 7645 473 139 60
1342 7624 526 139 60
1320 7603 577 139 60
1291 7583 603 141 59
1258 7572 638 141 59
1218 7567 640 141 59
1173 7567 664 141 59
1110 7572 693 142 58
1050 7585 700 142 58
991 7615 725 142 59
949 7652 725 142 59
909 7693 728 142 59
884 7738 727 144 60
869 7790 728 144 60
863 7848 725 144 60
868 7916 725 145 60
881 7981 724 145 60
897 8040 721 148 60
915 8097 714 148 60
940 8144 716 148 60
975 8184 713 148 60
1016 8214 711 149 59
1062 8243 713 147 59
1097 8259 710 147 59
1124 8266 711 147 59
1151 8278 713 146 58
1167 8285 711 146 58
1175 8285 710 146 58
1189 8274 710 147 58
1203 8261 708 146 57
1220 8239 710 146 57
1234 8209 710 146 57
1251 8170 708 146 57
1267 8126 710 144 58
1280 8080 710 143 57
1292 8035 716 143 57
1300 7986 714 143 57
1300 7951 730 143 57
1300 7925 722 142 57
1300 7904 731 142 57
1300 7891 736 142 57
1300 7884 745 142 57
1300 7884 748 142 57
1300 7884 757 142 57
1300 7884 757 143 56
1300 7890 763 143 56
1300 7899 763 143 56
1300 7920 757 144 56
1300 7949 745 144 56
1300 8001 739 143 56
1300 8035 727 143 56
1300 8057 720 143 56
1306 8069 727 140 56
1317 8081 722 140 56
1328 8094 716 140 56
1336 8094 700 139 57
1343 8094 690 139 57
1356 8078 700 139 57
1368 8049 700 140 56
1375 8010 699 140 58
1380 7969 702 140 58
1387 7929 693 140 58
1394 7911 696 140 58
1394 7911 708 140 58
1394 7906 724 142 57
1394 7913 733 143 57
1394 7925 725 143 57
1394 7944 724 144 57
1394 7985 719 144 57
1409 8042 699 144 57
1416 8059 702 143 57
1416 8059 697 144 58
1434 8048 696 144 58
1449 8016 700 143 59
1463 7982 702 143 59
1472 7947 702 143 59
1483 7923 702 143 59
1495 7906 702 145 59
1500 7901 691 146 58
1506 7901 628 146 58
1513 7901 443 146 58
1520 7920 180 147 58
1520 7920 0 147 58
1536 7950 0 147 58
1543 7966 0 147 59
1563 7981 0 147 59
1588 8004 0 147 59
1624 8032 0 146 60
1663 8052 0 146 60
1701 8071 0 145 60
1701 8071 63 145 60
1741 8105 215 145 60
1732 8119 310 146 60
1724 8133 402 146 60
1709 8143 469 146 60
1689 8153 512 147 59
1674 8160 526 147 59
1656 8166 570 147 59
1636 8166 577 149 58
1617 8166 575 149 58
1598 8166 583 149 58
1579 8153 586 149 58
1567 8135 588 149 58
1557 8115 591 149 58
1551 8096 591 149 58
1551 8082 609 149 58
1558 8070 614 149 58
1567 8060 631 149 58
1578 8060 637 147 59
1603 8060 650 147 59
1636 8069 652 147 59
1674 8077 647 147 59
1696 8085 610 147 59
1707 8085 559 146 58
1720 8085 460 147 59
1720 8073 307 147 59
1713 8058 160 147 59
1687 8032 48 147 59
1657 7999 13 147 59
1625 7983 30 147 59
1598 7965 119 146 60
1586 7959 254 146 60
1586 7959 337 146 60
1586 7966 392 146 60
1595 7966 447 145 60
1612 7971 477 145 60
1637 7971 485 145 60
1662 7971 493 145 60
1685 7976 488 145 60
1708 7976 472 145 59
1730 7976 414 146 60
1749 7982 304 146 60
1766 7991 108 146 60
1766 7991 0 149 59
1802 8032 0 149 59
1814 8070 0 149 59
1825 8116 0 151 60
1836 8162 0 151 60
1844 8203 0 151 60
1844 8225 0 151 60
1844 8225 80 152 59
1844 8225 148 152 59
1844 8225 262 152 59
1844 8225 353 150 58
1866 8171 394 150 58
1875 8108 439 152 59
1885 8030 491 152 59
1898 7943 551 152 59
1911 7881 605 152 59
1929 7846 630 152 59
1929 7828 650 152 59
1929 7828 673 152 59
1929 7835 691 153 59
1921 7844 640 153 59
1911 7876 536 153 59
1911 7911 182 153 59
1911 7911 0 153 59
1918 7972 0 153 59
1936 7991 0 152 59
1959 7998 0 151 60
1981 7998 0 149 59
2001 8006 0 148 60
2024 8022 0 146 60
2037 8039 0 144 60
2044 8056 0 142 59
2044 8076 0 141 59
2033 8099 0 141 59
2017 8116 0 141 59
1986 8129 0 139 58
1945 8136 0 139 58
1898 8141 0 141 59
1840 8141 0 141 59
1773 8141 0 142 59
1773 8141 143 143 59
1630 8146 217 145 59
1590 8170 253 147 59
1569 8211 287 147 59
1569 8254 306 149 59
1595 8299 307 150 58
1636 8345 311 150 58
1712 8389 312 152 59
1789 8416 317 153 58
1866 8432 312 153 58
1945 8427 314 153 58
2015 8405 310 153 58
2080 8372 304 153 58
2127 8324 304 153 58
2152 8276 325 154 57
2161 8237 366 154 57
2143 8204 397 154 57
2102 8183 439 154 57
2045 8168 468 152 57
1984 8158 493 154 57
1926 8147 509 154 57
1871 8140 521 154 57
1835 8140 521 155 58
1817 8153 518 155 58
1810 8153 496 157 58
1815 8153 450 157 58
1850 8153 361 157 58
1904 8161 218 157 58
1904 8161 0 157 58
2045 8171 0 157 58
2108 8162 0 155 58
2153 8147 0 154 58
2183 8130 0 153 58
2202 8110 0 153 58
2202 8085 0 150 58
2202 8061 0 150 58
2196 8040 0 150 58
2196 8021 0 147 59
2196 8004 0 147 59
2201 7993 0 146 60
2210 7987 0 145 59
2220 7978 0 144 60
2230 7971 0 144 60
2242 7965 0 142 61
2242 7965 61 142 61
2242 7965 151 142 61
2242 7965 247 142 61
2242 7965 305 142 61
2247 7997 353 142 61
2247 8014 377 144 61
2240 8035 404 145 60
2233 8050 422 145 60
2221 8062 460 145 60
2210 8069 491 146 60
2197 8069 489 146 60
2181 8069 509 146 60
2164 8069 514 146 60
2147 8059 522 148 60
2130 8049 516 149 59
2117 8040 521 149 59
2109 8031 527 149 59
2101 8019 541 149 59
2090 7998 545 148 60
2077 7969 565 148 60
2067 7938 588 148 60
2067 7908 603 148 60
2074 7890 605 148 60
2088 7880 606 150 60
2122 7880 606 151 60
2167 7901 603 151 60
2209 7935 603 151 60
2235 7970 611 152 59
2251 7993 613 150 58
2251 7993 616 149 59
2251 7982 636 149 59
2251 7956 665 149 59
2235 7917 671 147 59
2235 7870 671 147 59
2242 7855 641 147 59
2259 7839 564 147 59
2280 7839 422 147 59
2304 7839 1 147 59
2304 7839 0 149 59
2357 7906 0 149 59
2374 7960 0 149 59
2389 7986 0 149 59
2389 7999 0 146 60
2389 8004 0 146 60
2389 8004 0 145 60
2389 8009 0 145 60
2389 8009 61 145 60
2389 8009 273 144 60
2389 8009 428 144 60
2389 8009 537 144 60
2389 8009 586 142 59
2389 8009 611 142 59
2389 8009 628 142 59
2389 8009 644 144 60
2443 8038 641 145 59
2470 8038 647 145 59
2486 8031 646 145 59
2494 8031 644 145 59
2494 8024 643 146 60
2485 8024 643 147 59
2471 8009 638 147 59
2437 7988 645 147 59
2402 7957 639 147 59
2366 7922 631 147 59
2354 7898 617 147 59
2344 7880 608 147 59
2355 7873 614 147 59
2378 7865 617 147 59
2407 7865 627 147 59
2439 7871 637 147 59
2471 7876 646 147 59
2486 7876 647 150 58
2491 7876 644 150 58
2503 7876 620 150 58
2518 7876 510 150 58
2539 7876 172 152 59
2539 7876 0 152 59
2590 7899 0 152 59
2617 7931 0 153 59
2662 7956 0 153 59
2719 7976 0 152 60
2784 7969 0 151 60
2850 7945 0 151 60
2918 7899 0 149 59
2988 7853 0 147 59
3060 7816 0 144 58
3132 7786 0 144 57
3166 7761 0 143 56
3176 7739 0 143 55
3146 7718 0 142 54
3100 7703 0 143 53
3043 7691 0 143 53
2972 7682 0 143 53
2900 7669 0 143 53
2826 7655 0 145 54
2757 7650 0 144 54
2693 7650 0 144 54
2658 7655 0 145 55
2641 7666 0 146 55
2641 7683 0 148 56
2660 7705 0 149 56
2688 7730 0 151 56
2737 7757 0 151 56
2786 7780 0 151 56
2833 7798 0 151 56
2871 7807 0 151 56
2904 7790 0 148 57
2922 7757 0 148 57
2922 7757 101 148 57
2908 7618 193 148 57
2887 7578 296 147 58
2856 7529 399 149 58
2818 7499 472 149 58
2780 7481 514 150 58
2738 7481 540 150 58
2693 7500 545 152 59
2649 7528 559 152 59
2605 7586 556 152 59
2566 7670 556 152 59
2535 7772 537 152 59
2509 7894 537 152 59
2503 8013 546 152 59
2511 8090 548 150 58
2522 8141 542 150 58
2535 8189 546 150 58
2550 8236 543 151 58
2587 8283 540 151 58
2629 8331 530 151 58
2674 8378 530 152 57
2719 8410 530 152 57
2748 8424 535 152 57
2777 8424 537 154 56
2800 8406 544 154 56
2817 8384 543 154 56
2830 8345 562 156 57
2839 8297 566 156 57
2845 8236 578 157 57
2851 8171 584 157 57
2859 8102 595 157 57
2870 8033 600 158 58
2885 7973 608 158 58
2890 7926 613 158 58
2890 7888 645 156 59
2890 7858 650 156 59
2890 7840 664 154 58
2890 7829 671 154 58
2890 7822 664 154 58
2890 7822 676 152 59
2890 7822 673 152 59
2890 7828 672 152 59
2890 7838 666 150 58
2885 7852 664 150 58
2885 7882 640 150 58
2885 7916 647 150 58
2885 7952 628 150 58
2885 7979 630 150 58
2885 8001 627 152 59
2885 8017 627 152 59
2885 8028 625 152 59
2894 8036 624 152 59
2902 8044 616 153 59
2915 8056 613 153 59
2931 8065 610 153 59
2948 8074 610 153 59
2963 8074 610 153 59
2981 8074 620 152 59
2993 8064 610 152 59
3001 8045 617 152 59
3011 8011 627 152 59
3011 7967 637 152 59
3011 7922 658 152 59
3011 7896 671 152 59
3011 7883 667 152 59
3011 7883 684 150 58
3019 7892 690 151 58
3026 7908 690 151 58
3040 7940 687 150 57
3060 7992 679 150 57
3081 8057 673 150 57
3081 8057 668 150 57
3081 8035 664 150 57
3074 7998 678 149 58
3069 7927 687 149 58
3078 7875 685 149 58
3097 7835 678 149 58
3126 7808 637 149 58
3166 7799 548 149 58
3212 7799 333 147 58
3212 7799 0 147 58
3272 7865 0 147 58
3290 7917 0 146 57
3297 7950 0 146 57
3297 7967 0 146 57
3297 7974 0 144 58
3285 7974 0 144 58
3269 7974 0 144 58
3250 7974 0 145 59
3229 7981 0 145 59
3212 7993 0 144 60
3200 8007 0 144 60
3200 8007 80 144 60
3188 8032 160 144 60
3188 8044 242 146 60
3188 8044 277 146 60
3195 8044 324 146 60
3195 8044 371 147 59
3195 8033 431 147 59
3195 8019 494 147 59
3195 7996 524 149 58
3195 7977 546 149 58
3212 7962 565 147 59
3230 7957 566 147 59
3248 7957 578 147 59
3276 7963 581 147 59
3302 7978 589 147 59
3315 7996 589 147 59
3320 8015 597 147 59
3320 8032 602 147 59
3307 8053 605 147 59
3284 8078 617 147 59
3264 8087 608 149 58
3234 8087 595 149 58
3196 8087 599 149 58
3175 8067 599 149 58
3158 8039 614 149 58
3148 7999 617 149 58
3161 7966 636 149 58
3189 7938 644 149 58
3224 7917 645 149 58
3257 7907 638 149 58
3287 7907 617 149 58
3314 7907 553 147 58
3343 7916 420 148 57
3366 7925 205 148 57
3366 7925 0 148 57
3411 7943 0 148 57
3435 7961 0 150 57
3457 7986 0 150 57
3481 8009 0 149 58
3490 8025 0 150 58
3490 8031 0 149 59
3490 8031 71 149 59
3456 8031 176 149 59
3433 8031 267 149 59
3421 8040 317 149 59
3412 8046 373 149 59
3405 8046 376 149 59
3405 8046 389 150 58
3405 8046 400 150 58
3405 8046 414 150 58
3410 8046 439 149 58
3410 8038 467 149 58
3410 8038 488 149 58
3410 8024 517 149 58
3410 8008 526 149 58
3410 7980 540 149 58
3418 7952 544 149 58
3433 7924 546 149 58
3452 7897 554 149 58
3483 7880 556 149 58
3523 7870 562 149 58
3557 7870 562 150 57
3592 7888 565 150 57
3613 7913 568 150 57
3625 7942 567 150 57
3632 7982 578 152 57
3632 8029 591 151 58
3616 8055 595 151 58
3605 8063 603 151 58
3594 8058 613 153 58
3584 8038 620 153 58
3577 8014 622 152 59
3577 7974 634 152 59
3577 7926 647 152 59
3585 7895 636 152 59
3598 7874 631 152 59
3621 7860 586 150 58
3650 7860 494 151 58
3688 7867 260 151 58
3688 7867 0 151 58
3753 7930 0 151 58
3768 7968 0 152 57
3774 7998 0 153 58
3780 8020 0 153 58
3785 8035 0 153 58
3785 8047 0 152 59
3785 8057 0 152 59
3791 8067 0 152 59
3791 8067 125 152 59
3791 8067 223 153 59
3791 8067 320 153 59
3791 8067 399 153 59
3779 8093 455 153 59
3769 8093 467 153 59
3753 8093 485 153 59
3737 8083 496 154 58
3722 8073 499 154 58
3711 8060 520 154 58
3702 8045 533 154 58
3697 8025 537 154 58
3697 8003 562 154 58
3697 7978 592 154 58
3706 7949 611 154 58
3719 7923 620 154 58
3739 7901 627 154 58
3765 7893 630 154 58
3796 7893 628 154 58
3829 7902 620 154 58
3863 7925 620 153 58
3896 7959 606 154 57
3916 7995 597 155 58
3929 8029 597 155 58
3935 8060 594 155 58
3935 8078 594 156 59
3929 8087 594 156 59
3929 8087 597 156 59
3922 8077 605 156 59
3915 8049 613 156 59
3905 8008 627 156 59
3905 7968 630 156 59
3910 7927 622 156 59
3930 7899 605 156 59
3960 7880 546 156 59
3999 7872 423 156 59
4040 7889 173 156 59
4040 7889 0 157 58
4093 7973 0 155 58
4093 8035 0 155 58
4093 8106 0 155 58
4085 8178 0 154 57
4075 8203 0 154 57
4075 8203 68 154 57
4041 8232 170 154 57
4025 8242 341 154 57
4011 8235 423 154 57
4011 8235 450 154 57
4005 8229 458 154 56
4005 8229 455 154 56
4005 8216 402 154 56
4005 8191 304 155 55
4019 8155 134 155 55
4019 8155 0 155 55
4070 8084 0 154 56
4105 8054 0 154 56
4145 8034 0 154 56
4182 8023 0 154 57
4216 8018 0 154 57
4239 8018 0 154 57
4263 8024 0 151 58
4288 8033 0 151 58
4288 8033 22 151 58
4314 8038 168 151 58
4314 8046 287 151 58
4314 8053 361 151 58
4307 8060 405 152 57
4300 8066 430 152 57
4293 8072 442 152 57
4288 8078 445 152 57
4283 8078 448 152 57
4273 8084 461 152 57
4261 8084 455 152 57
4243 8091 460 153 56
4214 8086 469 153 56
4177 8076 483 153 56
4133 8056 501 152 57
4094 8031 502 154 57
4076 8004 509 154 57
4071 7979 513 154 57
4094 7955 515 154 57
4123 7924 527 154 57
4163 7909 535 154 57
4207 7909 548 154 57
4243 7909 561 154 57
4259 7909 589 154 57
4259 7909 620 154 57
4259 7909 639 154 57
4259 7909 645 154 56
4253 7909 647 153 56
4253 7909 638 153 56
4253 7917 643 154 55
4261 7927 641 154 56
4269 7963 652 154 56
4275 8011 659 154 56
4275 8066 673 154 57
4269 8140 669 154 57
4241 8211 700 154 57
4182 8280 694 155 58
4103 8352 666 155 58
3982 8425 650 157 58
3801 8478 641 157 58
3579 8507 645 157 58
3337 8521 641 157 58
3087 8502 653 159 57
2832 8469 661 159 57
2608 8426 662 159 57
2447 8385 652 159 57
2327 8353 636 157 57
2272 8327 613 156 57
2262 8305 578 156 57
2282 8275 567 154 56
2348 8226 567 154 56
2489 8167 569 153 56
2679 8138 588 153 56
2929 8157 595 152 56
3179 8209 611 152 56
3375 8283 631 152 56
3533 8358 643 153 56
3603 8435 673 152 57
3588 8484 685 152 57
3515 8523 663 152 57
3344 8555 671 152 57
3053 8521 681 152 57
2681 8446 693 154 57
2253 8343 694 153 58
1815 8227 691 153 58
1371 8105 699 153 58
982 7974 719 152 59
714 7868 719 152 59
526 7780 710 151 60
461 7718 693 151 60
450 7665 673 150 60
474 7618 658 148 60
551 7559 659 148 60
702 7510 664 148 60
902 7488 664 146 60
1204 7481 678 146 60
1569 7515 690 147 59
1976 7562 708 149 59
2435 7618 731 149 59
2867 7645 770 150 58
3281 7667 805 152 59
3618 7681 817 152 59
3868 7688 833 153 58
4060 7676 827 153 58
4161 7650 830 153 58
4210 7629 737 153 58
4224 7610 634 154 57
4180 7592 130 154 57
4180 7592 0 152 57
3848 7560 0 152 57
3611 7574 0 153 56
3403 7582 0 152 56
3214 7613 0 153 55
3092 7660 0 151 54
2955 7672 0 151 53
2807 7659 0 150 52
2682 7630 0 150 51
2575 7596 0 149 51
2480 7564 0 150 50
2426 7564 0 149 51
2418 7576 0 150 51
2440 7605 0 150 52
2466 7633 0 151 53
2492 7656 0 152 54
2518 7672 0 153 55
2544 7683 0 154 55
2551 7691 0 153 56
2563 7699 0 153 56
2577 7707 0 152 57
2577 7707 89 152 57
2577 7707 177 151 58
2577 7707 272 150 58
2577 7707 366 150 58
2577 7707 468 149 59
2577 7707 543 147 59
2601 7666 599 147 59
2614 7656 652 149 59
2634 7651 693 149 59
2661 7651 702 149 59
2683 7660 699 149 59
2700 7668 664 147 59
2700 7668 516 147 59
2693 7658 161 147 59
