1530 8092 78 140 66
1545 8179 225 140 66
1545 8186 274 140 66
1545 8177 339 140 66
1538 8161 449 140 66
1538 8104 527 140 66
1538 8021 606 140 66
1544 7908 653 140 66
1551 7819 708 140 65
1557 7746 731 140 65
1567 7699 754 137 65
1576 7680 794 135 64
1576 7680 817 135 64
1576 7680 825 135 64
1576 7702 827 132 64
1566 7732 833 132 64
1550 7834 818 132 64
1535 7966 818 132 64
1523 8119 809 132 64
1515 8214 817 132 64
1509 8263 814 132 64
1509 8282 802 133 63
1509 8289 791 135 64
1525 8267 809 135 64
1560 8226 818 135 64
1609 8141 823 137 63
1663 8024 827 137 63
1716 7885 824 133 63
1759 7777 827 133 63
1797 7722 818 135 64
1817 7703 861 133 65
1827 7710 905 133 65
1827 7774 909 133 65
1833 7875 888 135 65
1821 8057 872 135 65
1798 8238 855 135 65
1798 8386 842 135 65
1813 8512 785 138 65
1845 8580 605 138 65
1887 8595 216 140 65
1887 8595 0 140 65
1922 8542 0 140 65
1913 8458 0 141 64
1907 8342 0 141 64
1902 8248 0 140 63
1922 8153 0 140 63
1945 8092 0 137 63
1969 8054 0 135 63
1993 8018 0 132 63
2008 7992 0 132 63
2019 7972 0 129 63
2027 7972 0 127 63
2027 7972 291 127 63
2042 8007 396 127 63
2036 8027 515 127 63
2036 8046 691 129 64
2036 8060 759 129 64
2027 8060 787 129 64
2000 8031 826 129 64
1957 7982 845 130 63
1922 7893 852 130 63
1917 7830 848 130 63
1933 7785 828 132 63
1959 7770 822 132 63
2005 7779 832 132 63
2064 7804 818 132 63
2111 7859 808 132 63
2131 7926 797 132 63
2131 8002 806 133 62
2114 8057 805 133 62
2081 8107 817 133 62
2038 8124 818 133 62
1999 8124 827 133 62
1965 8104 779 133 62
1952 8069 585 133 62
1952 8022 153 133 62
1952 8022 0 133 62
2025 7940 0 132 63
2061 7930 0 132 63
2090 7930 0 130 63
2115 7930 0 129 64
2138 7945 0 129 64
2155 7952 0 127 64
2169 7952 0 125 64
2180 7952 0 125 64
2180 7952 428 125 64
2180 7952 465 125 64
2180 7952 504 125 64
2198 7923 570 125 64
2209 7914 639 127 63
2241 7904 653 129 63
2286 7914 655 129 63
2327 7935 649 130 62
2359 7970 655 130 62
2386 8005 670 132 63
2386 8040 703 133 62
2386 8067 730 133 62
2355 8090 762 135 63
2310 8108 793 135 63
2260 8108 821 135 63
2215 8094 817 135 63
2188 8065 834 135 63
2171 8010 851 135 63
2171 7937 861 137 62
2190 7866 854 137 62
2225 7814 846 135 63
2283 7775 828 135 63
2337 7768 825 133 62
2387 7790 829 133 62
2434 7831 808 133 62
2469 7899 799 135 63
2496 7971 800 135 63
2504 8046 815 135 63
2504 8091 833 135 63
2504 8115 861 137 63
2493 8126 890 137 63
2485 8117 894 137 63
2474 8080 938 138 63
2455 8025 942 138 63
2455 7977 942 138 63
2455 7926 936 138 63
2482 7887 944 138 63
2507 7858 936 138 63
2536 7851 924 138 63
2569 7859 918 138 63
2601 7877 905 138 63
2633 7934 909 138 63
2664 8003 906 138 63
2682 8079 908 138 63
2691 8130 908 138 63
2691 8157 927 138 63
2691 8168 951 138 63
2681 8168 953 137 62
2669 8142 983 137 62
2657 8101 981 137 62
2648 8047 999 137 62
2641 7996 988 137 62
2647 7947 987 138 63
2667 7927 994 138 63
2696 7921 994 137 63
2735 7921 982 137 63
2765 7935 968 137 63
2790 7963 955 137 63
2819 8004 937 137 63
2835 8047 947 137 63
2841 8096 945 138 64
2847 8149 937 138 64
2847 8173 968 138 64
2847 8173 994 140 65
2847 8167 1006 141 64
2838 8144 1020 141 64
2827 8099 1023 141 64
2827 8039 1023 143 63
2827 7991 1023 141 64
2841 7965 1023 141 64
2861 7955 1023 141 64
2883 7955 1023 140 65
2912 7977 1012 140 65
2946 8010 987 140 65
2969 8067 974 140 65
2985 8126 937 140 65
2995 8186 946 140 65
3001 8197 968 140 65
3001 8197 987 141 64
3001 8178 1023 141 64
3011 8142 1023 141 64
3021 8107 1023 143 63
3037 8074 1023 143 63
3056 8062 1023 143 63
3082 8062 1023 141 63
3110 8062 866 141 63
3138 8089 143 140 63
3138 8089 0 140 63
3148 8161 0 140 63
3114 8197 0 140 63
3086 8235 0 140 63
3054 8252 0 140 63
3054 8252 602 140 63
2986 8238 717 141 63
2952 8247 780 143 63
2946 8274 797 143 63
2959 8274 728 144 62
2986 8274 400 146 63
2986 8274 0 146 63
3079 8206 0 147 62
3079 8156 0 147 62
3079 8104 0 146 63
3062 8061 0 146 63
3062 8061 527 146 63
3057 8003 713 143 63
3057 7993 899 143 63
3071 7993 992 143 63
3087 8006 1023 145 64
3127 8039 1023 145 64
3184 8083 1023 145 64
3245 8136 1015 145 64
3272 8189 941 145 64
3272 8267 797 143 63
3228 8363 713 143 63
3121 8458 740 144 62
2974 8464 757 146 63
2797 8412 834 146 63
2621 8312 938 147 62
2445 8209 983 147 62
2408 8101 1011 147 62
2433 8010 1023 147 62
2499 7929 1023 147 62
2633 7890 1023 147 62
2785 7890 1023 147 62
2950 7922 1023 146 63
3091 7965 987 146 63
3180 8004 977 146 63
3234 8038 900 146 63
3219 8089 893 148 63
3096 8153 948 148 63
2901 8185 933 148 63
2623 8175 961 148 63
2242 8137 1023 149 63
1791 8014 1023 149 63
1427 7890 1023 149 63
1266 7820 1023 149 63
1241 7787 1023 146 63
1268 7787 1023 144 62
1402 7818 1023 143 62
1607 7875 1023 143 62
1948 7978 1023 141 61
2384 8084 1023 141 61
2884 8193 994 143 62
3288 8247 787 143 62
3518 8269 281 144 62
3518 8269 0 147 62
3614 8253 0 149 63
3504 8239 0 149 63
3332 8228 0 150 62
3158 8207 0 149 63
3031 8186 0 149 63
2935 8172 0 147 62
2902 8163 0 146 63
2916 8163 0 146 63
2962 8183 0 146 63
3014 8208 0 146 63
3072 8256 0 146 63
3117 8309 0 146 63
3117 8309 356 144 62
3142 8394 581 144 62
3126 8405 697 144 62
3107 8405 780 144 62
3084 8375 869 146 62
3063 8298 953 146 62
3043 8190 1023 146 62
3030 8037 1023 146 62
3020 7922 1023 146 62
3048 7832 1023 146 62
3082 7785 1023 143 62
3119 7769 1023 141 63
3128 7775 1023 140 62
3157 7831 1023 138 63
3198 7942 1023 137 62
3217 8089 1023 137 62
3228 8273 1023 137 62
3233 8473 995 137 62
3249 8685 991 137 62
3266 8774 988 137 62
3266 8794 991 137 62
3260 8767 985 138 61
3245 8692 1018 138 61
3231 8550 1023 138 61
3220 8364 1023 138 61
3220 8164 1023 141 61
3220 8005 1023 140 62
3252 7873 1023 140 62
3308 7835 1023 140 62
3337 7835 1023 138 61
3365 7865 1023 138 61
3391 7949 1023 137 62
3422 8079 1023 137 62
3439 8240 1023 137 62
3447 8442 1023 137 62
3457 8639 1023 138 63
3470 8710 1023 138 63
3470 8699 1023 138 63
3464 8672 1023 140 63
3450 8566 1023 140 63
3439 8407 1023 140 63
3439 8241 1023 141 63
3463 8086 1023 141 63
3511 7973 1023 141 63
3591 7885 1023 141 63
3664 7873 1023 143 63
3733 7919 1023 143 63
3802 8003 1023 143 63
3830 8143 1023 143 63
3830 8336 1023 143 63
3793 8565 1023 143 63
3737 8758 1023 143 63
3669 8838 1023 143 63
3646 8844 983 143 63
3656 8837 611 143 63
3656 8837 0 143 63
3720 8655 0 144 62
3731 8537 0 143 62
3731 8410 0 143 62
3753 8276 0 141 61
3797 8173 0 140 62
3854 8088 0 138 61
3914 8016 0 137 62
3914 8016 991 135 62
3993 7907 1023 135 62
3993 7907 1023 137 62
4003 7907 1023 137 62
4003 7907 1023 138 63
4003 7913 1023 140 63
4011 7913 1023 141 63
