1285 8274 13 148 70
1285 8274 50 148 70
1285 8274 93 148 70
1285 8274 109 148 70
1285 8274 113 148 70
1285 8274 142 145 70
1265 8242 173 145 70
1265 8201 186 145 70
1276 8152 216 145 70
1290 8103 250 145 70
1298 8054 301 143 70
1298 8014 343 141 70
1308 7980 362 141 70
1308 7946 379 139 71
1308 7916 374 139 71
1314 7890 342 137 70
1314 7879 226 137 70
1314 7872 96 137 70
1314 7872 0 139 69
1301 7882 0 139 69
1290 7917 0 139 69
1277 7968 0 141 68
1263 8012 0 139 69
1246 8057 0 139 69
1225 8099 0 139 69
1202 8135 0 137 70
1177 8163 0 139 71
1154 8184 0 139 71
1135 8203 0 139 71
1135 8203 61 139 71
1110 8233 181 139 71
1110 8246 208 139 71
1110 8256 213 143 70
1127 8262 213 143 70
1152 8267 215 143 70
1194 8267 212 145 70
1241 8267 203 145 70
1298 8257 196 143 69
1361 8235 190 143 69
1417 8206 193 147 69
1466 8171 203 145 70
1511 8133 210 145 70
1552 8093 206 148 70
1580 8053 235 148 70
1600 8014 272 146 71
1600 7978 307 148 71
1586 7944 304 148 71
1564 7908 333 148 71
1515 7880 362 148 71
1460 7857 393 148 71
1402 7837 414 150 71
1349 7826 415 148 70
1299 7820 423 145 70
1256 7820 422 145 70
1222 7820 387 143 69
1198 7820 311 143 69
1191 7820 142 143 69
1191 7820 0 141 68
1215 7820 0 141 68
1242 7831 0 141 68
1278 7847 0 141 68
1326 7858 0 141 68
1381 7873 0 143 69
1438 7893 0 145 68
1496 7915 0 147 69
1550 7932 0 147 69
1600 7947 0 149 69
1638 7947 0 148 70
1676 7947 0 143 70
1702 7939 0 142 71
1720 7931 0 140 72
1733 7922 0 135 72
1733 7922 78 135 72
1733 7922 81 130 72
1733 7922 73 130 72
1758 7936 50 130 72
1758 7949 53 133 71
1758 7964 58 135 72
1758 7982 132 135 72
1746 8002 200 140 72
1734 8018 256 140 72
1720 8033 275 140 72
1709 8042 274 142 71
1698 8047 275 142 71
1689 8047 273 142 71
1681 8033 292 142 71
1674 8013 312 142 71
1674 7982 305 139 71
1674 7945 309 139 71
1682 7913 309 139 71
1698 7891 307 139 71
1720 7877 314 141 70
1744 7877 302 141 70
1774 7888 284 143 70
1805 7909 257 145 70
1836 7944 241 145 70
1856 7980 247 145 70
1871 8016 260 145 70
1871 8041 276 145 70
1871 8052 317 145 70
1862 8052 345 143 70
1856 8052 344 143 70
1851 8044 358 139 71
1851 8030 382 139 71
1851 8000 396 139 71
1866 7960 402 139 71
1880 7926 407 139 71
1900 7900 422 139 71
1924 7879 417 139 71
1951 7879 415 141 70
1979 7885 407 141 70
2007 7901 391 141 70
2035 7934 361 143 69
2054 7971 315 143 69
2068 8011 325 143 69
2068 8024 337 141 70
2068 8032 353 141 70
2062 8032 373 141 70
2062 8022 388 137 70
2062 8004 404 137 70
2062 7976 425 137 70
2071 7942 423 137 70
2090 7909 428 137 70
2116 7883 428 137 70
2152 7861 425 137 70
2193 7854 423 139 69
2234 7854 425 139 69
2267 7863 423 141 68
2294 7884 423 141 68
2319 7912 414 141 68
2339 7944 420 142 68
2355 7978 402 141 68
2363 8019 397 141 68
2372 8064 389 141 68
2377 8121 387 141 68
2372 8191 399 141 68
2363 8270 396 141 68
2346 8345 415 141 68
2323 8420 422 143 69
2296 8495 443 143 69
2273 8542 465 143 69
2253 8572 465 145 68
2237 8583 460 145 68
2227 8571 461 145 68
2219 8543 472 145 68
2219 8453 501 145 68
2233 8349 515 145 68
2257 8235 535 145 68
2290 8129 546 145 68
2330 8041 544 145 68
2375 7965 517 145 68
2421 7916 407 142 68
2421 7916 0 142 68
2497 7879 0 145 68
2517 7916 0 143 69
2507 7969 0 143 69
2496 8034 0 145 70
2484 8075 0 143 70
2463 8096 0 143 70
2422 8105 0 144 72
2367 8097 0 142 72
2318 8086 0 138 74
2272 8067 0 132 75
2249 8048 0 126 77
2239 8030 0 118 78
2239 8020 0 114 78
2263 8014 0 104 78
2297 8009 0 95 78
2331 8009 0 90 78
2381 8001 0 85 78
2441 8001 0 80 79
2488 7994 0 78 81
2529 7994 0 76 82
2565 7994 0 72 84
2601 8002 0 79 85
2617 8009 0 76 86
2617 8018 0 90 86
2617 8026 0 117 86
2612 8033 0 129 84
2604 8040 0 139 81
2604 8053 0 139 79
2598 8066 0 141 77
2598 8084 0 143 75
2614 8103 0 146 74
2632 8117 0 146 74
2654 8130 0 145 73
2682 8142 0 142 72
2713 8152 0 140 72
2743 8161 0 137 71
2767 8170 0 135 71
2789 8180 0 131 69
2801 8191 0 131 68
2813 8205 0 130 67
2821 8217 0 131 67
2827 8223 0 131 67
2827 8249 0 135 67
2816 8289 0 135 67
2808 8318 0 139 67
2798 8344 0 139 67
2791 8362 0 139 67
2791 8370 0 140 66
2791 8370 183 142 66
2791 8370 245 142 66
2800 8336 249 142 66
2812 8312 250 146 66
2824 8251 241 146 66
2844 8169 237 146 66
2868 8090 235 146 66
2885 8023 246 144 67
2898 7965 245 144 67
2910 7930 267 144 67
2918 7913 277 144 67
2923 7913 316 142 68
2931 7913 319 142 68
2936 7952 309 142 68
2936 8009 329 140 67
2936 8088 339 140 67
2936 8175 333 140 67
2936 8267 384 142 68
2942 8339 420 142 68
2959 8394 433 142 68
2998 8437 439 142 68
3049 8457 443 142 68
3111 8473 431 142 68
3175 8473 431 144 67
3239 8456 433 144 67
3295 8426 443 142 66
3339 8389 442 144 66
3374 8340 456 144 66
3390 8294 483 144 66
3396 8252 490 144 66
3396 8211 493 144 66
3367 8169 491 144 66
3317 8130 499 142 66
3254 8094 507 142 66
3163 8054 517 142 66
3070 8013 562 140 67
2976 7977 578 140 67
2901 7944 592 140 67
2851 7915 595 140 67
2818 7896 564 140 67
2818 7884 556 140 67
2846 7872 550 140 67
2901 7872 538 140 67
3009 7872 529 140 67
3146 7895 522 142 66
3302 7915 540 142 66
3438 7937 544 142 66
3552 7937 537 144 67
3652 7937 515 144 67
3729 7919 502 144 67
3767 7895 497 144 67
3779 7875 524 144 67
3761 7860 546 144 67
3722 7848 545 144 67
3668 7834 554 144 67
3588 7819 550 142 66
3494 7800 566 142 66
3391 7777 574 142 66
3260 7749 580 140 66
3094 7719 588 142 66
2904 7685 592 140 67
2685 7649 594 140 67
2464 7611 616 140 67
2242 7571 637 140 67
2043 7529 653 142 68
1870 7488 652 142 68
1713 7449 641 142 68
1593 7418 641 145 68
1521 7392 643 145 68
1482 7384 630 147 69
1488 7384 619 147 69
1544 7390 627 149 69
1633 7404 628 149 69
1794 7434 633 149 69
1985 7475 611 149 69
2195 7514 605 149 69
2372 7548 605 149 69
2501 7573 616 147 69
2597 7593 631 147 69
2635 7604 682 147 69
2620 7604 700 147 69
2569 7604 670 147 69
2476 7604 614 147 69
2375 7573 430 147 69
