2261 7440 485 152 68
2143 7278 566 152 68
2063 7234 570 151 68
1978 7211 564 151 68
1888 7193 586 149 69
1787 7205 639 152 70
1679 7238 679 152 70
1575 7311 740 152 70
1491 7440 751 152 70
1421 7607 739 152 70
1381 7823 719 152 70
1373 8057 696 152 70
1386 8304 707 149 69
1458 8523 727 149 69
1571 8688 722 152 70
1712 8816 730 152 70
1847 8899 727 152 70
1963 8939 722 154 70
2066 8950 725 155 69
2164 8919 727 158 70
2245 8856 737 157 71
2314 8773 745 157 71
2363 8671 750 157 71
2393 8539 770 154 70
2410 8387 780 154 70
2397 8228 782 154 70
2357 8070 788 153 71
2298 7912 826 150 71
2216 7755 869 150 71
2122 7643 909 150 71
2020 7558 893 150 71
1896 7491 906 150 71
1771 7448 896 150 71
1644 7448 908 150 71
1552 7468 906 150 71
1484 7526 884 150 71
1433 7626 876 150 71
1399 7755 879 150 71
1409 7924 853 148 71
1447 8095 869 146 71
1530 8267 860 146 71
1628 8405 867 146 71
1737 8494 869 146 71
1812 8550 854 148 71
1861 8561 853 148 71
1893 8543 870 148 71
1914 8506 887 151 72
1929 8442 896 151 72
1939 8345 921 151 72
1939 8227 932 151 72
1930 8111 948 148 71
1912 7992 935 148 71
1892 7871 938 148 71
1875 7793 941 146 71
1859 7743 937 144 72
1859 7730 940 144 72
1859 7739 937 144 72
1859 7762 944 144 72
1886 7859 902 144 72
1923 8002 891 144 72
1954 8175 872 144 72
1980 8316 869 144 72
2003 8433 866 144 72
2024 8533 870 144 72
2045 8573 870 144 72
2053 8581 873 144 72
2053 8567 891 144 72
2053 8532 902 144 72
2044 8448 926 144 72
2032 8331 939 146 71
2021 8209 950 146 71
2010 8089 950 146 71
2001 7990 944 146 71
2006 7904 927 146 71
2019 7865 912 142 71
2036 7859 896 142 71
2056 7876 894 142 71
2087 7943 906 142 71
2126 8043 869 142 71
2166 8164 864 142 71
2190 8285 864 139 71
2206 8404 860 139 71
2216 8523 864 139 71
2226 8596 869 140 72
2236 8621 854 140 72
2236 8613 873 140 72
2230 8591 896 140 72
2225 8531 923 140 72
2217 8446 939 142 71
2207 8338 933 142 71
2196 8233 949 142 71
2186 8130 952 142 71
2177 8032 941 142 71
2172 7964 941 140 72
2178 7916 911 137 71
2191 7916 894 137 71
2202 7934 897 135 72
2220 7974 866 133 71
2254 8074 869 130 72
2296 8189 861 130 72
2326 8314 863 130 72
2346 8423 867 130 72
2360 8495 860 133 71
2370 8543 872 135 72
2370 8543 894 135 72
2362 8501 906 135 72
2344 8437 935 135 72
2320 8327 941 137 71
2293 8217 955 137 71
2265 8107 956 137 71
2240 8018 953 137 71
2223 7961 933 135 72
2223 7926 921 135 72
2231 7926 896 133 71
2247 7941 855 130 72
2280 7971 843 130 72
2325 8041 829 130 72
2375 8139 809 130 72
2424 8256 817 130 72
2454 8351 815 130 72
2472 8443 818 130 72
2472 8505 824 133 73
2466 8547 845 135 72
2450 8537 855 135 72
2420 8461 909 135 72
2384 8341 926 135 72
2344 8177 948 137 71
2319 8008 958 135 72
2306 7829 958 135 72
2300 7719 935 135 72
2319 7655 911 133 71
2342 7637 897 130 72
2367 7649 879 130 72
2411 7681 855 130 72
2457 7795 817 130 72
2503 7960 763 130 72
2548 8160 661 133 73
2583 8355 630 133 73
2612 8538 606 133 73
2633 8714 620 135 73
2655 8830 610 135 73
2666 8883 628 138 74
2666 8894 652 140 75
2666 8865 739 140 75
2651 8753 806 143 75
2629 8586 842 146 74
2604 8361 853 146 74
2576 8113 870 143 74
2546 7851 873 140 75
2522 7593 879 138 74
2501 7423 855 138 74
2487 7312 722 132 74
2494 7253 359 132 74
2494 7253 0 130 73
2535 7270 0 127 74
2552 7385 0 127 74
2563 7520 0 127 74
2563 7668 0 130 75
2550 7800 0 135 75
2550 7927 0 140 75
2559 7996 0 143 75
2573 8027 0 147 76
2573 8011 0 150 76
2573 8011 645 150 76
2554 7959 647 148 77
2541 7952 613 144 77
2533 7952 628 138 77
2538 7952 670 132 77
2547 7961 676 129 76
2581 7999 669 127 75
2630 8055 667 127 75
2684 8116 666 130 75
2731 8177 676 130 75
2772 8237 682 130 75
2803 8284 684 132 74
2820 8322 696 132 74
2828 8344 731 132 74
2828 8344 780 138 74
2820 8339 832 138 74
2810 8328 860 138 74
2802 8294 891 138 74
2788 8244 900 140 73
2770 8167 921 140 73
2757 8090 932 138 74
2747 8013 932 138 74
2747 7961 914 138 74
2754 7925 905 138 74
2768 7903 876 138 74
2786 7903 855 132 74
2812 7911 846 132 74
2849 7957 836 132 74
2879 8010 831 130 73
2904 8067 819 130 73
2926 8126 832 130 73
2941 8181 829 130 73
2951 8227 826 132 74
2951 8265 824 132 74
2951 8281 852 132 74
2943 8281 870 132 74
2938 8281 887 132 74
2933 8271 896 132 74
2928 8255 900 135 73
2915 8202 908 135 73
2897 8126 921 135 73
2882 8046 923 135 73
2871 7970 924 132 74
2876 7933 909 132 74
2889 7921 879 132 74
2913 7914 857 130 75
2942 7933 849 130 75
2983 7969 808 130 75
3024 8034 794 127 75
3063 8104 771 127 75
3097 8178 765 127 75
3120 8236 765 130 75
3136 8267 782 130 75
3136 8281 803 130 75
3120 8274 829 130 75
3102 8240 833 132 74
3077 8188 860 132 74
3047 8092 878 132 74
3013 8006 902 132 74
2999 7927 909 132 74
2999 7892 884 132 74
3013 7875 854 132 74
3025 7875 843 132 74
3057 7875 791 132 74
3102 7917 724 127 74
3156 7974 647 127 74
3210 8056 630 127 74
3257 8102 636 127 74
3276 8123 673 127 74
3281 8118 693 127 74
3281 8110 739 127 74
3281 8095 767 127 74
3281 8065 780 127 74
3287 8025 791 130 75
3287 7997 796 130 75
3299 7984 790 130 75
3315 7984 785 130 75
3339 7992 776 130 75
3364 8010 765 130 75
3378 8034 757 130 75
3385 8073 763 130 75
3393 8120 754 130 75
3393 8173 740 130 75
3393 8234 734 130 75
3382 8292 749 130 75
3361 8332 785 132 74
3335 8360 824 135 75
3300 8360 842 135 75
3252 8342 863 138 74
3195 8306 906 138 74
3136 8241 924 138 74
3089 8171 944 138 74
3050 8095 934 138 74
3035 8048 933 138 74
3042 8019 945 138 74
3064 8007 921 138 74
3108 8007 905 135 75
3172 8015 906 135 75
3249 8032 905 135 75
3323 8046 906 135 75
3386 8054 908 135 75
3441 8054 908 135 75
3481 8047 909 135 75
3511 8039 891 135 75
3533 8033 817 138 75
3553 8033 699 138 75
3560 8026 368 138 75
3560 8026 0 141 76
3523 7993 0 138 77
3454 7967 0 138 77
3362 7940 0 138 77
3237 7912 0 138 77
3069 7875 0 141 76
2873 7833 0 140 75
2651 7780 0 145 73
2437 7722 0 144 72
2228 7649 0 146 71
2049 7565 0 145 70
2049 7565 834 147 69
1854 7425 896 148 68
1809 7400 870 151 68
1814 7400 853 149 69
1853 7394 887 150 71
1963 7405 924 148 71
2126 7425 956 151 72
2325 7465 994 149 73
2545 7508 1023 149 73
2767 7554 1023 152 73
2990 7597 1023 152 73
3163 7623 1023 152 73
3299 7639 987 152 73
3409 7649 872 152 73
3495 7660 564 152 73
