1824 8157 63 121 63
1842 8187 101 121 63
1842 8187 179 124 63
1842 8192 237 125 64
1842 8192 273 125 64
1842 8184 340 129 64
1842 8166 367 129 64
1842 8140 396 129 64
1842 8106 414 130 63
1832 8049 440 130 63
1821 7977 447 130 63
1810 7898 465 129 64
1800 7838 468 129 64
1800 7792 471 129 64
1793 7764 473 127 64
1793 7756 474 128 65
1793 7761 483 126 66
1793 7775 486 126 66
1793 7825 485 126 66
1793 7899 477 126 66
1793 7989 472 126 66
1783 8055 472 126 66
1783 8104 473 125 65
1783 8137 473 125 65
1792 8152 477 127 64
1792 8152 477 127 64
1792 8152 470 127 64
1802 8135 478 127 64
1814 8106 491 127 64
1830 8043 495 127 64
1845 7980 493 127 64
1860 7929 496 127 64
1883 7886 496 125 64
1907 7862 495 125 64
1927 7853 493 125 64
1943 7853 495 125 64
1963 7867 488 125 64
1981 7900 489 125 64
1999 7947 492 127 63
2014 7998 494 127 63
2028 8054 502 126 62
2036 8114 515 126 62
2041 8175 535 126 62
2041 8234 546 126 62
2076 8288 567 124 62
2069 8333 578 124 62
2034 8356 570 124 62
2026 8365 543 124 62
2020 8365 425 124 62
2020 8365 96 124 62
2020 8365 0 126 61
2042 8346 0 126 61
2060 8321 0 126 61
2082 8285 0 126 61
2111 8248 0 126 61
2142 8211 0 125 60
2167 8176 0 125 60
2187 8148 0 125 60
2195 8126 0 122 60
2195 8108 0 122 60
2182 8095 0 120 60
2172 8086 0 120 60
2162 8086 0 119 61
2151 8080 0 119 61
2142 8080 0 119 61
2133 8080 0 119 61
2123 8086 0 119 61
2123 8086 41 120 62
2123 8086 96 120 62
2090 8079 136 120 62
2074 8061 175 120 62
2059 8038 210 120 62
2045 8014 225 120 62
2040 7992 251 120 62
2040 7966 257 120 62
2048 7947 280 120 62
2066 7933 282 120 62
2092 7928 289 120 62
2124 7936 292 118 62
2158 7954 291 118 62
2189 7978 294 118 62
2207 8005 314 118 62
2217 8035 344 118 62
2209 8063 351 117 61
2189 8096 379 119 61
2160 8132 417 119 61
2127 8145 420 122 61
2092 8140 402 122 61
2056 8123 363 122 61
2035 8098 240 123 61
2035 8098 0 123 61
2029 8049 0 123 61
2052 8037 0 122 61
2087 8037 0 122 61
2130 8037 0 122 61
2178 8047 0 120 62
2211 8054 0 120 62
2230 8054 0 120 62
2240 8042 0 119 61
2240 8042 175 119 61
2228 8015 212 119 61
2216 8015 256 119 61
2216 8015 280 119 61
2233 8015 294 119 61
2259 8024 301 119 61
2291 8036 304 119 61
2322 8051 309 119 61
2342 8068 314 122 61
2356 8086 314 122 61
2363 8103 317 122 61
2363 8120 305 122 61
2363 8137 315 122 61
2363 8153 329 122 61
2347 8153 334 122 61
2327 8153 333 123 61
2305 8132 354 123 61
2284 8110 387 123 61
2266 8080 389 123 61
2253 8039 418 123 61
2247 7992 431 123 61
2254 7956 442 122 61
2269 7918 456 122 61
2292 7892 469 122 61
2320 7876 473 122 61
2350 7882 468 122 61
2383 7903 455 122 61
2416 7935 446 122 61
2443 7980 423 122 61
2466 8034 369 123 62
2482 8093 315 123 62
2487 8160 281 124 62
2487 8225 259 124 62
2480 8285 259 124 62
2474 8328 262 124 62
2469 8360 287 124 62
2464 8378 304 126 61
2464 8378 317 126 61
2464 8369 337 126 61
2464 8342 363 128 61
2464 8299 394 128 61
2474 8245 440 128 61
2482 8189 460 128 61
2494 8137 480 129 61
2511 8092 491 127 62
2528 8051 489 127 62
2543 8021 496 129 63
2560 8007 486 127 63
2575 8007 469 127 63
2589 8012 418 127 63
2607 8038 376 129 64
2619 8075 265 129 64
2628 8112 220 129 64
2628 8149 195 129 64
2628 8168 202 129 64
2628 8176 222 129 64
2623 8176 249 129 64
2623 8168 276 130 63
2615 8152 334 130 63
2621 8124 413 130 63
2634 8088 470 130 63
2657 8051 526 130 63
2677 8015 545 130 63
2695 7995 570 129 64
2721 7984 565 127 63
2746 7984 527 127 63
2771 7997 389 127 63
2800 8024 80 129 64
2800 8024 0 129 64
2827 8111 0 129 64
2816 8161 0 129 64
2798 8209 0 129 64
2781 8239 0 129 64
2765 8256 0 129 64
2750 8256 0 129 64
2750 8256 239 130 63
2721 8247 339 130 63
2711 8242 422 130 63
2706 8242 473 129 63
2706 8242 486 129 63
2711 8242 456 130 62
2716 8242 287 129 63
2716 8242 0 129 63
2746 8242 0 129 63
2771 8242 0 129 63
2799 8248 0 129 63
2833 8248 0 129 63
2868 8241 0 129 63
2900 8234 0 129 63
2919 8234 0 129 63
2927 8229 0 129 63
2927 8224 0 129 63
2927 8224 172 129 63
2927 8224 260 130 63
2927 8224 373 130 63
2927 8224 438 130 63
2927 8224 472 132 64
2878 8214 519 133 63
2841 8188 538 133 63
2807 8151 543 133 63
2776 8115 536 133 63
2763 8081 542 133 63
2763 8064 548 132 64
2781 8055 562 132 64
2814 8055 561 132 64
2850 8072 572 132 64
2894 8097 586 130 63
2942 8126 614 130 63
2972 8132 638 130 63
2991 8127 682 130 63
3003 8114 717 132 64
3016 8087 731 132 64
3029 8070 760 132 64
3042 8060 758 132 64
3047 8049 728 130 63
3056 8049 666 130 63
3073 8049 543 130 63
3098 8049 334 130 63
3098 8049 0 130 63
3157 8071 0 130 63
3174 8071 0 130 63
3183 8078 0 130 63
3202 8088 0 130 63
3226 8101 0 130 63
3259 8118 0 129 63
3296 8137 0 129 63
3333 8155 0 129 63
3359 8169 0 129 63
3378 8174 0 129 63
3384 8179 0 130 62
3384 8186 0 130 62
3384 8186 0 132 63
3376 8186 0 132 63
3376 8186 156 132 63
3329 8186 247 133 63
3278 8186 409 133 63
3187 8173 473 133 63
3069 8154 569 137 63
2879 8108 664 135 64
2602 8045 754 135 64
2267 7939 826 135 64
1902 7833 861 133 65
1584 7733 884 133 65
1297 7659 894 132 65
1071 7599 915 130 66
930 7577 941 130 66
846 7588 921 128 66
864 7620 894 130 67
945 7715 888 128 68
1067 7859 860 128 68
1261 8037 846 128 68
1516 8242 863 128 68
1811 8383 872 130 67
2091 8482 908 130 67
2331 8565 914 131 67
2544 8605 924 131 67
2698 8617 924 133 66
2752 8591 956 135 67
2739 8504 978 137 66
2641 8376 1012 137 66
2465 8186 1023 137 66
2236 7998 1023 137 66
2055 7812 1023 137 66
2001 7715 1023 137 66
2032 7670 1023 133 66
2139 7659 1023 133 66
2344 7698 1023 133 66
2615 7812 1023 130 66
3019 7977 946 130 66
3432 8162 537 130 66
