2255 7990 343 153 63
2290 8061 412 153 63
2277 8102 540 151 64
2249 8136 690 151 64
2212 8168 817 151 64
2146 8183 860 151 64
2071 8193 888 153 65
1989 8201 897 153 65
1893 8192 921 153 65
1790 8164 930 154 64
1681 8124 932 156 64
1608 8073 933 156 64
1568 8022 927 156 64
1551 7971 923 156 64
1571 7929 930 156 64
1642 7892 938 156 64
1747 7881 950 156 64
1902 7874 951 156 64
2017 7874 950 156 64
2106 7853 947 156 64
2129 7819 956 157 63
2129 7775 988 159 64
2106 7735 1023 159 64
2015 7687 1023 158 64
1914 7633 1023 158 64
1807 7611 1023 158 64
1718 7606 1023 157 65
1649 7612 1023 155 65
1594 7629 1023 155 65
1554 7649 971 155 65
1541 7670 876 153 65
1541 7679 678 153 65
1564 7693 175 153 65
1564 7693 0 153 65
1667 7730 0 151 64
1722 7757 0 151 64
1796 7788 0 151 64
1883 7812 0 151 64
1964 7836 0 153 63
2049 7855 0 153 61
2144 7873 0 154 60
2202 7894 0 156 59
2235 7904 0 157 58
2273 7904 0 158 56
2294 7898 0 160 55
2303 7891 0 161 55
2308 7886 0 161 55
2308 7877 0 163 54
2308 7868 0 163 55
2308 7859 0 164 55
2308 7850 0 163 56
2308 7835 0 163 56
2308 7820 0 163 57
2308 7802 0 163 57
2308 7784 0 162 58
2301 7766 0 162 58
2301 7754 0 161 59
2294 7745 0 160 58
2294 7745 0 159 59
2294 7737 0 159 59
2294 7737 0 158 60
2294 7737 0 158 60
2294 7737 0 158 60
2294 7737 0 157 61
2294 7737 0 157 61
2294 7737 0 157 61
2294 7737 0 157 61
2322 7719 0 156 62
2322 7719 0 156 62
2322 7714 0 156 62
2329 7714 0 154 63
2329 7714 0 154 63
2336 7714 0 153 63
2336 7714 282 153 63
2336 7714 545 153 63
2336 7714 782 153 63
2336 7714 932 151 64
2364 7720 1023 151 64
2364 7720 1023 151 64
2371 7720 1023 153 65
2371 7720 1023 153 65
2371 7720 1023 153 65
2371 7720 1023 155 65
2371 7720 1023 155 65
2371 7720 1023 155 65
2371 7720 981 155 65
2371 7720 752 155 65
2371 7720 0 155 65
2371 7720 0 155 65
2366 7747 0 155 65
2374 7782 0 153 65
2392 7836 0 154 64
2418 7902 0 154 64
2451 7967 0 154 64
2482 8033 0 154 64
2511 8081 0 156 64
2537 8116 0 156 64
2556 8137 0 156 64
2571 8155 0 155 65
2571 8155 61 155 65
2571 8155 540 155 65
2571 8155 578 155 65
2571 8155 691 155 65
2565 8130 733 156 64
2549 8078 763 156 64
2528 8012 788 156 64
2503 7915 852 154 64
2467 7815 888 154 64
2430 7713 892 153 65
2391 7612 894 153 65
2379 7551 891 151 64
2374 7514 861 151 64
2382 7507 860 151 64
2406 7525 855 150 65
2440 7561 860 150 65
2478 7617 851 150 65
2506 7700 824 150 65
2527 7801 827 150 65
2549 7925 863 150 65
2570 8047 909 152 65
2588 8126 982 153 65
2588 8178 1023 153 65
2588 8205 1023 153 65
2588 8214 1023 154 64
2577 8214 1023 156 64
2565 8206 1023 156 64
2543 8182 1023 157 63
2511 8147 1023 157 63
2473 8092 1023 157 63
2467 8036 1023 157 63
2467 7997 1023 154 64
2490 7971 1023 154 64
2534 7951 1023 154 64
2619 7957 1023 153 65
2709 7981 1023 153 65
2793 8021 1008 153 65
2870 8070 1000 155 65
2919 8125 1008 155 65
2940 8174 1023 155 65
2940 8198 1023 157 65
2931 8206 1023 158 64
2920 8206 1023 158 64
2908 8206 1023 158 64
2882 8178 1023 159 64
2845 8138 1023 159 64
2800 8075 1023 159 64
2761 7980 1023 158 64
2712 7863 1023 156 64
2667 7754 1023 154 64
2626 7673 1023 153 65
2626 7610 1023 153 65
2619 7572 1023 151 64
2634 7555 1023 151 64
2660 7555 855 151 64
2698 7575 253 151 64
2698 7575 0 151 64
2748 7638 0 151 64
2756 7679 0 151 64
2768 7723 0 150 64
2787 7768 0 150 64
2811 7810 0 149 63
2843 7850 0 148 61
2880 7881 0 148 60
2917 7903 0 147 59
2946 7917 0 147 58
2971 7924 0 148 57
2988 7924 0 148 57
2988 7917 0 147 56
2982 7911 0 148 57
2982 7902 0 148 57
2982 7893 0 147 58
2975 7886 0 147 59
2975 7886 0 147 59
2975 7886 469 148 60
2975 7886 565 147 61
2975 7886 713 148 61
2975 7886 794 148 61
2945 7910 833 150 62
2934 7910 864 150 62
2920 7900 905 152 62
2896 7879 933 152 62
2868 7849 950 152 62
2844 7811 940 151 63
2822 7768 940 151 63
2808 7720 939 151 63
2803 7693 923 150 64
2808 7680 905 150 64
2831 7675 903 148 65
2865 7688 905 148 65
2912 7712 912 147 65
2950 7744 929 145 65
2982 7782 948 145 65
2996 7825 971 145 65
3002 7850 996 146 64
3002 7873 1023 146 64
3002 7888 1023 146 64
3002 7897 1023 148 63
3002 7902 1023 148 63
2995 7902 1023 149 63
2990 7902 1023 149 63
2985 7902 1023 149 63
2985 7902 1023 150 62
2985 7897 1023 150 62
2985 7897 1023 150 62
2985 7897 1023 150 62
2993 7897 1023 150 62
3006 7892 1023 150 62
3026 7886 1023 150 62
3049 7886 1015 150 62
3091 7886 983 150 62
3145 7900 956 150 62
3181 7912 955 150 62
3210 7920 958 150 62
3233 7920 977 150 62
3233 7920 991 149 63
3233 7926 1017 149 63
3222 7915 1023 149 63
3214 7915 1023 149 63
3204 7915 1023 149 63
3189 7902 1023 149 63
3171 7894 1023 149 63
3162 7885 1023 149 63
3143 7867 1023 149 63
3116 7844 1023 150 62
3091 7819 1023 149 63
3066 7780 1023 149 63
3060 7747 1023 149 63
3065 7727 1023 148 63
3077 7714 1023 148 63
3120 7714 982 146 64
3184 7740 817 146 64
3258 7781 519 145 64
3258 7781 0 145 64
3386 7915 0 146 64
3431 8000 0 146 64
3477 8100 0 146 64
3513 8198 0 148 65
3542 8260 0 150 65
3563 8300 0 151 64
3563 8300 233 153 65
3563 8300 440 155 65
3563 8300 588 156 64
3522 8283 699 156 64
3502 8248 757 156 64
3478 8203 783 157 63
3451 8141 824 157 63
3421 8074 863 157 63
3390 8001 890 154 64
3363 7925 921 154 64
3341 7851 955 153 63
3324 7796 965 151 64
3310 7755 968 150 64
3302 7723 965 148 65
3296 7709 958 146 64
3296 7709 964 145 65
3296 7709 965 143 64
3301 7733 968 143 64
3301 7763 995 143 64
3307 7798 1023 143 64
3321 7839 1023 143 64
3342 7883 1023 143 64
3368 7919 1023 145 64
3390 7949 1023 146 64
3411 7976 1023 146 64
3420 7982 1023 148 63
3420 7982 1023 150 64
3420 7982 1023 148 65
3420 7968 1023 150 65
3420 7949 1023 150 65
3409 7915 1023 150 65
3401 7872 1023 150 65
3394 7840 1023 150 65
3388 7808 1023 150 65
3383 7787 1023 150 65
3390 7775 1023 148 65
3400 7769 1023 148 65
3416 7769 1023 148 65
3448 7785 1023 146 64
3489 7805 1023 146 64
3530 7834 1023 148 65
3568 7869 1023 148 65
3595 7901 1023 148 65
3616 7934 1023 150 65
3646 7969 1023 152 65
3655 7992 1023 153 65
3655 7997 1023 155 65
3655 7989 1023 155 65
3648 7989 1023 157 65
3643 7981 1023 156 66
3627 7960 1023 156 66
3613 7930 1023 156 66
3593 7888 1023 156 66
3567 7853 1023 156 66
3567 7822 1023 156 66
3555 7778 1023 154 66
3545 7754 1023 154 66
3545 7743 1023 154 66
3545 7743 1023 154 66
3556 7750 1023 151 66
3586 7766 1023 151 66
3628 7798 1023 151 66
3666 7832 1023 153 67
3709 7868 1023 153 67
3761 7916 1023 153 67
3793 7952 1023 154 66
3812 7980 1023 154 66
3836 7992 1023 154 66
3843 7998 1023 155 65
3843 7998 1023 155 65
3843 7998 1023 154 66
3843 7998 1023 156 66
3829 7960 1023 156 66
3824 7932 1023 156 66
3812 7897 1023 156 66
3794 7861 1023 154 66
3771 7826 1023 154 66
3750 7802 1023 153 65
3737 7783 1023 152 65
3737 7783 1023 150 65
3743 7783 1023 150 65
3752 7792 1023 150 65
3781 7811 1023 148 65
3822 7836 1023 148 65
3862 7864 1023 150 65
3903 7898 1023 150 65
3939 7931 1023 150 65
3972 7962 1023 153 65
3983 7972 1023 153 65
3983 7972 1023 154 66
3978 7963 1023 154 66
3972 7953 1023 156 66
3962 7937 1023 156 66
3950 7905 1023 156 66
3927 7862 1023 156 66
3901 7831 1023 156 66
3874 7794 1023 156 66
3865 7763 1023 154 66
3860 7737 1023 154 66
3860 7727 1023 154 66
3867 7727 1023 154 66
3894 7737 1023 151 66
3936 7752 1023 153 67
3971 7774 1023 153 67
4004 7801 1023 153 67
4035 7810 1023 153 67
4061 7820 1023 153 67
4066 7829 787 154 66
4066 7829 0 154 66
4030 7849 0 154 66
3997 7877 0 155 65
3959 7917 0 155 65
3929 7960 0 154 66
3899 8005 0 152 65
3860 8034 0 151 66
3814 8052 0 149 66
3759 8064 0 146 66
3704 8078 0 142 66
3650 8095 0 142 66
3598 8118 0 142 68
3548 8144 0 145 68
3500 8171 0 148 68
3456 8193 0 151 68
3435 8198 0 154 68
3435 8198 666 158 67
3435 8198 803 158 67
3435 8198 911 159 67
3435 8198 993 156 66
3435 8198 1020 157 65
3489 8190 967 157 65
3534 8183 776 155 65
3552 8183 20 156 64
3552 8183 0 158 64
3631 8183 0 158 64
3657 8204 0 160 65
3687 8234 0 160 65
3723 8240 0 162 66
3738 8232 0 162 66
3738 8214 0 162 66
3738 8214 959 162 66
3738 8214 1015 162 66
3738 8214 1023 162 66
3728 8209 1023 162 66
3740 8216 1023 162 65
3763 8216 1023 160 65
3791 8210 749 162 65
3791 8210 0 162 65
3860 8192 0 162 66
3880 8180 0 162 66
3860 8168 0 160 66
3841 8151 0 156 66
3828 8104 0 154 66
3791 8039 0 151 66
3736 7949 0 149 66
3679 7861 0 149 66
3617 7775 0 149 66
3542 7690 0 150 65
3459 7613 0 153 65
3367 7542 0 156 64
3256 7477 0 157 63
3132 7395 0 160 63
3132 7395 302 162 63
2855 7358 477 162 63
2703 7349 439 162 63
2526 7355 471 159 64
2348 7369 477 158 64
2168 7408 435 158 64
1977 7482 478 157 65
1781 7579 659 160 66
1650 7691 797 160 66
1605 7813 824 159 67
1617 7941 817 159 67
1703 8084 808 161 67
1866 8216 788 161 67
2081 8340 790 161 67
2364 8456 797 161 67
2670 8537 787 163 67
2990 8595 780 163 67
3262 8602 777 163 67
3478 8553 783 165 67
3656 8466 830 168 68
3773 8350 876 168 68
3843 8206 958 170 68
3881 8044 1023 171 67
3905 7869 1023 171 67
3869 7713 1023 171 67
3792 7571 1023 171 67
3656 7440 1023 171 67
3491 7345 1023 171 67
3306 7275 1023 171 67
3117 7247 1023 169 66
2960 7247 1023 169 66
2825 7272 1023 169 66
2724 7309 1023 167 65
2671 7365 1023 167 65
2650 7435 1023 167 65
2682 7528 1023 167 65
2774 7622 1023 166 66
2905 7717 1023 166 66
3054 7793 1023 166 66
3208 7846 1023 166 66
3366 7885 1011 166 66
3470 7898 990 166 66
3507 7880 996 164 66
3499 7842 1021 165 65
3442 7801 1023 165 65
3327 7748 1023 162 65
3173 7688 1023 162 65
2977 7623 1023 162 66
2739 7558 1023 162 66
2474 7488 1023 164 66
2271 7413 1023 164 66
2071 7350 1023 164 66
1952 7299 1023 164 66
1886 7264 1023 164 66
1896 7264 1023 164 66
2008 7284 1023 164 66
2188 7325 1023 164 66
2489 7396 1023 164 66
2900 7486 1023 164 66
3384 7587 1023 164 66
3882 7668 1023 164 66
4358 7735 1023 164 66
4754 7806 894 166 66
5105 7869 475 166 66
