1235 8144 86 135 67
1241 8180 195 135 67
1241 8189 296 135 67
1241 8197 384 135 65
1241 8204 450 135 65
1236 8204 517 135 65
1236 8211 566 133 65
1236 8211 619 135 64
1236 8211 673 135 64
1236 8211 719 133 63
1236 8211 743 133 63
1236 8211 776 133 63
1236 8211 803 133 63
1236 8211 837 133 63
1236 8181 863 132 63
1246 8135 891 132 63
1252 8070 900 132 63
1252 7983 923 132 63
1252 7902 939 130 62
1252 7825 950 129 63
1257 7745 933 129 63
1257 7705 934 129 63
1265 7691 935 127 63
1270 7671 932 126 62
1278 7671 903 127 63
1278 7671 887 127 63
1288 7684 815 125 64
1298 7719 688 125 64
1308 7770 405 125 64
1308 7770 0 125 64
1313 7863 0 127 64
1306 7903 0 129 64
1295 7931 0 129 64
1281 7950 0 129 64
1273 7974 0 130 65
1267 7997 0 128 65
1267 8021 0 128 65
1261 8045 0 126 66
1261 8070 0 126 66
1256 8099 0 126 66
1256 8128 0 126 66
1256 8128 279 126 66
1245 8184 344 126 66
1245 8209 412 128 65
1251 8233 465 130 65
1261 8256 526 132 64
1290 8280 572 132 64
1329 8304 631 133 63
1379 8327 687 133 63
1429 8345 736 137 63
1472 8350 794 137 63
1509 8350 802 137 63
1527 8321 840 137 63
1532 8282 864 140 63
1527 8223 869 140 63
1491 8159 827 140 63
1450 8087 760 140 63
1405 8032 588 140 63
1376 7988 112 138 64
1376 7988 0 138 64
1331 7941 0 138 64
1324 7941 0 135 64
1324 7952 0 133 65
1324 7959 0 132 65
1337 7959 0 131 67
1356 7959 0 130 67
1381 7948 0 128 68
1410 7927 0 129 68
1445 7896 0 133 69
1492 7863 0 139 68
1541 7846 0 142 66
1592 7841 0 145 65
1647 7841 0 146 63
1691 7846 0 145 60
1725 7846 0 143 59
1745 7859 0 143 57
1758 7869 0 141 56
1765 7879 0 139 56
1773 7891 0 138 55
1773 7904 0 136 56
1773 7914 0 135 57
1773 7924 0 136 57
1773 7933 0 135 58
1763 7933 0 135 59
1756 7938 0 134 60
1750 7938 0 131 61
1745 7938 0 127 62
1745 7938 0 126 62
1740 7938 0 124 64
1740 7938 0 122 65
1748 7944 0 122 65
1748 7944 281 123 65
1748 7944 361 123 65
1748 7944 455 126 66
1720 7968 527 126 66
1703 7968 577 126 66
1674 7968 595 128 65
1638 7944 613 128 65
1597 7912 663 130 65
1561 7876 693 130 65
1527 7837 716 130 65
1501 7796 737 132 64
1486 7755 755 132 64
1486 7713 751 133 65
1486 7698 767 133 65
1503 7683 768 133 65
1522 7670 788 133 65
1541 7670 797 133 65
1580 7677 797 132 64
1617 7698 814 132 64
1652 7730 819 132 64
1687 7770 822 132 64
1706 7808 843 132 64
1715 7831 866 132 64
1715 7844 890 132 64
1707 7844 909 132 64
1700 7844 909 133 63
1694 7844 909 133 63
1689 7832 909 133 63
1689 7820 894 135 63
1689 7793 893 135 63
1689 7757 896 133 63
1702 7727 893 133 63
1715 7706 897 133 63
1727 7691 892 132 64
1748 7682 894 132 64
1770 7682 909 133 65
1797 7696 909 133 65
1830 7724 909 133 65
1864 7761 896 133 65
1897 7803 899 135 65
1916 7842 906 135 65
1925 7878 927 135 65
1925 7889 933 137 65
1925 7889 946 137 65
1925 7882 947 137 65
1918 7877 941 137 63
1918 7869 941 137 63
1918 7848 937 137 63
1918 7817 934 137 63
1918 7786 933 137 63
1937 7767 914 137 63
1956 7757 918 135 64
1973 7749 914 133 63
2001 7755 918 132 64
2029 7770 921 132 64
2057 7796 926 132 64
2085 7822 930 132 64
2102 7846 936 132 64
2112 7868 947 132 64
2112 7875 940 132 63
2112 7875 940 132 63
2112 7875 937 133 62
2112 7869 950 133 62
2107 7859 947 133 62
2107 7843 948 135 62
2107 7821 944 133 62
2119 7800 935 133 62
2136 7779 930 133 62
2158 7773 935 132 63
2193 7773 932 132 63
2235 7795 933 130 62
2282 7831 933 130 62
2337 7877 932 130 62
2398 7955 924 130 62
2444 8032 899 130 62
2465 8107 878 130 62
2465 8182 878 132 63
2457 8228 878 132 63
2437 8256 890 132 63
2411 8261 890 133 62
2386 8244 906 133 62
2363 8212 893 133 62
2347 8160 899 133 62
2336 8102 903 132 61
2336 8032 896 132 61
2355 7964 906 132 61
2372 7898 894 132 61
2401 7853 887 132 61
2439 7825 884 130 62
2473 7809 878 130 62
2509 7809 879 132 63
2547 7822 878 132 63
2586 7848 879 132 63
2617 7884 888 133 63
2643 7920 900 133 63
2658 7956 897 135 64
2663 7966 936 135 64
2663 7972 947 137 65
2657 7972 973 137 65
2657 7950 977 137 65
2657 7923 986 135 65
2657 7887 983 135 65
2657 7860 977 135 65
2667 7838 944 135 65
2684 7829 906 135 64
2707 7829 821 133 63
2732 7829 570 133 63
2732 7829 0 132 63
2784 7886 0 132 63
2792 7923 0 130 62
2792 7962 0 129 63
2792 7998 0 129 63
2792 8015 0 126 62
2792 8020 0 126 62
2784 8020 0 124 63
2784 8020 0 124 63
2779 8030 0 122 63
2779 8030 488 122 63
2785 8087 643 122 63
2780 8127 693 125 64
2768 8168 776 127 63
2768 8217 790 129 64
2777 8247 753 132 64
2785 8265 636 133 63
2791 8265 351 137 63
2791 8265 0 137 63
2816 8233 0 137 63
2816 8197 0 138 63
2816 8156 0 137 63
2810 8114 0 137 63
2810 8069 0 135 63
2823 8021 0 133 63
2823 7984 0 130 63
2823 7954 0 129 64
2823 7930 0 127 63
2816 7915 0 127 63
2816 7905 0 127 63
2816 7905 29 126 62
2816 7905 203 129 63
2816 7905 269 129 63
2816 7905 341 130 62
2789 7907 415 132 61
2789 7907 435 135 62
2784 7907 474 135 62
2784 7907 492 136 61
2784 7907 535 136 61
2784 7907 539 136 61
2790 7907 559 135 62
2796 7923 591 135 62
2811 7942 613 135 62
2830 7964 639 133 62
2848 7984 659 135 63
2865 7999 694 133 63
2881 8007 730 133 63
2896 8007 780 132 64
2910 8007 824 132 64
2925 7994 845 132 64
2933 7972 870 132 64
2933 7934 890 132 64
2933 7887 896 132 64
2933 7856 894 132 64
2933 7834 888 133 63
2939 7819 873 132 63
2944 7819 864 132 63
2954 7819 846 132 63
2968 7832 849 130 62
2998 7857 852 130 62
3038 7882 852 130 62
3060 7908 863 131 61
3084 7926 853 129 61
3096 7942 878 129 61
3096 7942 896 130 62
3101 7942 894 130 62
3101 7937 903 130 62
3101 7937 900 130 62
3101 7932 896 129 63
3106 7921 899 129 63
3117 7910 900 129 63
3130 7900 902 129 63
3149 7893 903 129 63
3169 7885 905 130 62
3192 7885 905 130 62
3216 7885 903 129 61
3234 7890 906 131 61
3246 7897 923 131 61
3255 7904 934 129 60
3255 7904 976 131 60
3255 7909 979 131 60
3255 7909 991 131 60
3255 7909 991 131 60
3255 7909 987 131 60
3255 7909 981 131 60
3255 7909 978 131 60
3263 7904 984 131 60
3283 7899 985 131 60
3313 7899 988 131 60
3350 7899 994 131 60
3387 7907 1002 131 60
3425 7922 1009 132 60
3462 7941 1023 131 61
3480 7962 1023 131 61
3480 7983 1023 132 61
3480 8003 1023 132 61
3460 8027 1023 132 63
3435 8046 1023 132 63
3392 8054 1023 132 63
3346 8043 985 132 63
3298 8021 923 132 63
3279 7992 779 132 63
3262 7956 63 130 62
3262 7956 0 130 62
3243 7882 0 130 62
3243 7872 0 129 61
3243 7872 0 131 61
3259 7878 0 129 60
3293 7894 0 131 60
3380 7918 0 134 58
3441 7940 0 134 58
3485 7962 0 135 58
3558 7988 0 136 60
3626 8011 0 136 61
3689 8033 0 133 62
3737 8046 0 130 63
3773 8055 0 124 64
3791 8055 0 116 64
3796 8048 0 110 63
3796 8042 0 107 61
3789 8048 0 104 59
3789 8063 0 104 56
3779 8076 0 103 55
3772 8097 0 104 54
3772 8123 0 106 55
3772 8150 0 107 55
3782 8178 0 108 56
3791 8208 0 110 55
3802 8268 0 112 56
3815 8317 0 113 56
3827 8359 0 117 56
3827 8403 0 119 56
3840 8449 0 122 57
3852 8496 0 124 57
3859 8552 0 126 57
3859 8608 0 128 57
3874 8647 0 130 58
3886 8675 0 132 58
3886 8675 414 134 58
3904 8704 491 134 60
3904 8712 591 135 60
3897 8712 697 136 61
3888 8707 757 136 61
3873 8675 799 138 61
3854 8627 848 138 61
3828 8526 882 138 61
3802 8410 915 138 61
3775 8284 927 138 61
3745 8171 941 138 61
3729 8070 942 138 61
3720 7976 947 136 61
3730 7919 933 136 61
3743 7889 908 136 61
3761 7877 900 135 60
3787 7883 908 135 60
3829 7921 891 134 61
3881 7980 887 134 61
3917 8036 888 134 61
3941 8088 899 135 62
3958 8120 914 135 62
3958 8141 948 136 61
3947 8141 950 136 61
3931 8141 951 138 61
3908 8118 950 138 61
3888 8085 948 138 61
3875 8040 950 138 61
3875 7993 948 138 61
3875 7943 948 137 62
3881 7907 917 137 62
3894 7883 878 137 62
3911 7871 818 137 62
3935 7877 636 135 62
3972 7894 280 135 62
3972 7894 0 135 62
4055 7976 0 134 61
4085 8029 0 134 61
4109 8068 0 134 61
4134 8090 0 134 61
4134 8090 256 132 61
4172 8100 474 132 61
4142 8094 642 132 61
4142 8094 765 132 61
4134 8094 869 132 61
4128 8094 914 132 61
4120 8094 935 134 61
4120 8094 967 134 61
4115 8084 994 134 61
4103 8074 979 134 61
4083 8045 1000 134 61
4070 8005 1014 134 61
4061 7972 1023 134 61
4055 7935 1023 134 61
4050 7896 1023 134 61
4050 7867 1023 134 61
4057 7857 1017 134 61
4057 7857 1009 134 61
4069 7862 1014 132 60
4090 7882 1011 132 60
4118 7913 1014 132 60
4141 7950 1015 132 60
4157 7987 1020 132 60
4168 8019 1021 132 60
4168 8042 1023 132 60
4168 8042 1023 132 60
4168 8042 1023 131 61
4168 8042 1023 132 61
4168 8037 1023 132 61
4168 8024 1023 132 61
4163 8006 1023 132 61
4163 7984 1023 132 61
4163 7962 1023 132 61
4163 7939 1023 132 61
4158 7916 1023 132 61
4165 7906 1023 132 61
4173 7906 1023 132 61
4182 7906 1023 131 61
4214 7924 1009 131 61
4260 7959 1005 131 61
4314 8007 987 132 60
4373 8089 968 131 60
4430 8195 937 132 60
4484 8333 970 132 60
4522 8470 1005 132 60
4533 8555 1023 132 60
4527 8607 1023 132 60
4506 8625 1023 134 61
4468 8611 1023 134 61
4419 8577 1023 134 61
4362 8476 1023 135 60
4312 8337 1023 135 60
4292 8174 1023 132 60
4292 8048 1023 132 60
4300 7950 1023 132 60
4331 7871 908 132 60
4376 7832 404 131 61
4376 7832 0 131 61
4536 7877 0 131 61
4626 7948 0 129 61
4720 8047 0 130 62
4821 8165 0 130 62
4936 8282 0 130 62
5019 8367 0 132 61
5081 8431 0 131 61
5081 8424 0 132 60
5056 8345 0 131 60
5020 8218 0 128 58
4951 8070 0 127 57
4882 7920 0 127 56
4814 7799 0 125 55
4757 7699 0 126 54
4705 7631 0 129 55
4657 7597 0 130 54
4610 7586 0 134 55
4571 7601 0 139 55
4534 7631 0 142 54
4489 7672 0 146 54
4437 7702 0 148 54
4388 7719 0 151 53
4362 7727 0 151 53
4351 7727 0 151 53
4279 7721 0 149 53
4239 7710 0 147 53
4220 7732 0 146 53
4190 7738 0 145 53
4159 7738 0 143 53
4127 7738 0 142 53
4133 7738 0 142 53
4114 7738 0 141 53
4079 7753 0 141 53
4079 7769 0 141 53
4079 7788 0 142 54
4086 7810 0 141 55
4097 7829 0 141 55
4111 7843 0 141 55
4128 7856 0 141 55
4148 7869 0 140 55
4170 7883 0 141 56
4194 7894 0 141 56
4221 7906 0 140 56
4254 7916 0 140 56
4290 7924 0 142 57
4330 7924 0 142 57
4330 7924 249 142 57
4380 7924 361 140 58
4386 7930 527 142 58
4386 7930 637 142 58
4379 7919 722 142 58
4346 7909 739 141 59
4249 7877 748 142 59
4108 7830 779 142 59
3903 7765 787 142 59
3628 7696 757 142 59
3306 7613 751 142 59
2954 7524 755 144 60
2608 7441 754 142 61
2313 7385 757 142 61
2049 7346 768 144 61
1851 7346 776 144 61
1739 7370 790 144 61
1683 7403 808 146 62
1701 7455 818 146 62
1765 7531 855 146 62
1859 7623 864 146 63
2044 7694 891 146 63
2250 7763 893 146 63
2469 7814 888 146 63
2687 7853 890 146 63
2830 7861 863 146 63
2922 7831 864 146 63
2916 7776 812 146 63
2802 7688 754 146 63
2617 7565 696 146 63
2354 7418 678 144 62
2100 7284 717 144 62
1853 7223 760 146 62
1712 7212 817 146 62
1666 7248 830 144 61
1684 7332 890 146 62
1788 7448 938 146 62
1990 7583 985 144 62
2256 7728 953 144 62
2557 7880 854 146 63
2859 7981 631 146 63
3102 8023 25 146 63
