1522 7674 41 139 67
1491 7587 180 137 67
1479 7543 311 135 67
1472 7508 414 135 67
1472 7478 562 133 66
1472 7457 676 133 66
1472 7446 770 132 65
1485 7441 884 132 65
1497 7451 962 130 65
1521 7488 1014 130 65
1547 7543 1023 130 65
1576 7626 1023 129 64
1604 7735 1023 129 64
1604 7862 1023 129 64
1588 8024 1023 127 63
1554 8144 1023 127 63
1516 8235 1023 130 63
1476 8290 1023 130 63
1440 8319 1023 130 63
1397 8332 1023 130 63
1373 8332 1023 130 63
1365 8318 1023 130 63
1365 8277 1023 130 63
1387 8217 1023 129 63
1427 8119 1023 129 63
1509 8033 1023 127 63
1614 7954 1023 126 62
1735 7871 1023 126 62
1842 7803 1023 127 63
1930 7744 1023 125 64
2006 7695 1023 125 64
2047 7659 1023 125 64
2055 7632 1023 125 64
2040 7614 1023 125 64
1995 7605 1023 125 64
1906 7605 1023 125 64
1788 7600 1023 125 64
1634 7611 1023 125 64
1522 7631 1023 125 64
1437 7652 1023 124 64
1377 7676 1023 124 64
1362 7703 1023 124 64
1376 7732 1023 122 63
1447 7783 1023 122 63
1574 7850 1023 122 63
1738 7929 1023 122 63
1923 8020 1023 121 63
2141 8109 1023 124 63
2380 8196 1023 124 63
2602 8279 1023 124 63
2779 8342 1023 127 63
2925 8391 1023 127 63
3014 8419 1023 129 64
3071 8441 994 130 63
3107 8454 767 130 63
3092 8449 179 130 63
3092 8449 0 130 63
2909 8386 0 130 63
2778 8337 0 130 63
2631 8275 0 129 64
2474 8206 0 127 63
2375 8148 0 127 63
2291 8092 0 125 64
2218 8038 0 125 64
2146 7993 0 124 64
2094 7953 0 122 63
2056 7916 0 120 64
2034 7893 0 120 64
2034 7883 0 119 63
2043 7883 0 121 63
2071 7902 0 122 63
2112 7931 0 124 63
2112 7931 1 124 63
2199 8006 91 124 63
2230 8049 212 126 62
2255 8095 388 126 62
2266 8131 617 126 62
2266 8163 796 126 62
2252 8186 894 124 62
2228 8201 965 126 62
2183 8201 988 126 62
2123 8182 1017 126 62
2052 8152 1023 126 62
1971 8086 1023 127 62
1882 7995 1023 127 62
1822 7898 1023 126 62
1794 7802 1014 126 62
1788 7735 986 126 62
1813 7687 941 124 63
1856 7657 899 124 63
1910 7648 808 124 63
1982 7648 662 123 62
2046 7664 469 123 62
2104 7688 277 121 63
2151 7721 78 121 63
2193 7755 60 121 63
2231 7787 66 122 63
2254 7816 200 122 63
2265 7838 351 124 63
2265 7857 542 124 63
2265 7876 691 124 63
2256 7894 794 124 63
2237 7908 872 124 63
2211 7913 921 126 62
2175 7899 959 126 62
2131 7874 985 126 62
2085 7829 999 126 62
2043 7782 1005 126 62
2028 7736 999 126 62
2028 7710 982 124 63
2050 7695 956 124 63
2077 7695 948 122 63
2121 7713 930 122 63
2175 7737 929 122 63
2204 7746 924 122 63
2215 7751 935 122 63
2215 7746 938 122 63
2215 7735 940 124 64
2206 7717 929 124 64
2198 7699 843 124 64
2198 7689 614 124 64
2192 7689 134 124 64
2192 7689 0 124 64
2192 7694 0 124 64
2185 7707 0 124 64
2185 7725 0 124 64
2185 7756 0 122 63
2195 7795 0 122 63
2201 7854 0 122 63
2208 7919 0 121 63
2215 7989 0 123 62
2215 7989 254 123 62
2239 8075 455 123 62
2244 8094 636 123 62
2244 8094 790 123 62
2244 8094 870 122 61
2244 8062 955 123 62
2244 8011 979 123 62
2238 7947 1006 123 62
2249 7879 999 124 63
2269 7839 988 124 63
2296 7819 994 124 63
2326 7804 973 127 63
2359 7792 967 127 63
2376 7783 974 127 63
2381 7763 991 127 63
2381 7739 1023 125 64
2350 7710 1023 125 64
2306 7685 1023 125 64
2252 7663 1023 125 64
2206 7663 1023 125 64
2161 7670 1023 125 64
2126 7684 1023 125 64
2119 7712 1006 125 64
2128 7740 869 125 64
2170 7770 619 125 64
2216 7802 1 125 64
2216 7802 0 125 64
2315 7864 0 125 64
2350 7891 0 125 64
2376 7909 0 127 63
2382 7909 0 127 63
2382 7900 0 129 63
2372 7878 0 129 63
2372 7878 115 129 63
2354 7842 242 130 62
2354 7835 386 129 63
2354 7835 498 129 63
2354 7835 595 129 63
2372 7835 690 129 63
2394 7849 759 129 63
2423 7866 796 129 63
2455 7887 818 129 63
2478 7912 842 129 63
2496 7935 864 129 63
2496 7958 902 130 63
2496 7972 934 129 64
2476 7980 991 129 64
2457 7980 1000 129 64
2435 7974 1008 129 64
2412 7945 1012 129 64
2386 7902 1015 129 64
2366 7848 1015 129 64
2359 7804 1000 129 64
2359 7766 967 129 64
2372 7734 864 129 64
2391 7715 696 127 64
2416 7704 364 127 64
2416 7704 0 127 64
2464 7719 0 125 64
2477 7739 0 125 64
2486 7764 0 127 64
2493 7792 0 127 64
2493 7822 0 127 64
2493 7849 0 127 64
2493 7849 206 127 64
2484 7891 353 129 64
2484 7904 514 129 64
2484 7914 641 129 64
2494 7922 745 130 63
2514 7922 831 130 63
2536 7922 867 130 63
2556 7905 937 130 63
2577 7879 952 130 63
2591 7857 958 132 64
2599 7834 949 132 64
2614 7812 923 132 64
2621 7790 848 132 64
2621 7768 691 132 64
2621 7751 339 132 64
2621 7751 0 130 65
2593 7732 0 130 65
2562 7732 0 130 65
2531 7747 0 128 65
2500 7754 0 128 65
2500 7754 376 128 65
2470 7759 510 128 65
2462 7759 614 128 65
2470 7768 669 128 65
2487 7781 702 127 64
2520 7798 682 127 64
2566 7822 609 127 64
2621 7844 483 127 64
2656 7860 281 127 64
2691 7878 110 129 64
2719 7898 55 129 64
2743 7917 103 129 64
2759 7939 218 130 63
2766 7964 377 130 63
2766 7985 537 129 64
2757 8001 691 129 64
2739 8010 808 129 64
2716 8005 884 127 64
2689 7993 905 127 64
2664 7965 933 127 64
2644 7933 933 127 64
2632 7899 935 127 64
2632 7877 926 127 64
2645 7863 896 129 64
2667 7854 906 129 64
2702 7854 872 129 64
2746 7854 858 130 63
2773 7869 846 130 63
2791 7874 849 130 63
2802 7874 861 130 63
2802 7874 869 132 63
2792 7874 864 132 63
2785 7874 839 130 62
2780 7868 760 130 62
2780 7868 606 130 62
2785 7868 367 130 62
2785 7868 0 130 62
2812 7868 0 130 62
2830 7879 0 130 62
2849 7894 0 130 62
2871 7915 0 129 63
2897 7941 0 129 63
2925 7970 0 129 63
2925 7970 279 129 64
2953 8019 475 129 64
2941 8036 696 127 64
2919 8048 837 128 65
2890 8055 941 128 65
2861 8055 994 128 65
2833 8055 987 130 66
2827 8048 979 130 66
2835 8048 985 130 66
2855 8038 964 132 65
2892 8021 950 132 65
2940 7984 949 132 65
2986 7935 947 132 65
3026 7874 958 132 65
3034 7822 992 130 65
3022 7777 1000 132 64
2995 7745 1015 130 65
2958 7730 1000 129 64
2914 7730 930 129 64
2884 7748 672 129 64
2884 7748 0 127 63
2847 7833 0 127 63
2841 7902 0 129 64
2841 7974 0 129 64
2841 8048 0 129 64
2824 8112 0 129 64
2798 8172 0 127 63
2753 8208 0 127 63
2684 8230 0 127 63
2598 8235 0 125 64
2481 8227 0 125 64
2357 8210 0 125 64
2357 8210 473 125 64
2081 8197 567 127 63
2014 8214 641 127 63
1999 8232 708 127 63
2022 8253 780 127 63
2094 8276 824 129 63
2199 8303 833 129 63
2335 8342 866 129 63
2481 8390 884 129 63
2633 8452 894 129 63
2755 8513 906 129 63
2810 8552 987 130 63
2820 8577 1023 132 63
2781 8599 1023 132 63
2683 8620 1023 132 63
2546 8602 1023 132 63
2381 8559 1023 132 63
2197 8474 1023 132 63
2001 8380 1023 132 63
1888 8281 1023 132 63
1849 8186 1023 132 63
1859 8067 1023 132 63
1936 7933 1023 130 62
2062 7795 1023 130 62
2221 7685 1023 129 63
2355 7594 1023 129 63
2439 7516 1008 129 63
2490 7453 1015 130 63
2476 7399 1023 130 63
2396 7356 1023 130 63
2271 7328 1023 130 63
2107 7310 1023 130 63
1976 7331 1023 132 63
1868 7381 1023 132 63
1838 7450 1023 132 63
1897 7525 1023 132 63
2015 7610 1023 132 63
2220 7702 1023 132 63
2462 7779 1023 132 63
2729 7857 1023 132 63
2995 7936 1023 133 63
3209 8016 1023 133 63
3388 8061 1023 133 63
3457 8080 994 135 64
3457 8080 402 135 64
