2166 7898 186 155 62
2146 7872 244 154 63
2138 7872 262 153 63
2138 7885 325 151 64
2149 7885 404 151 64
2169 7885 477 150 65
2216 7885 532 150 65
2279 7899 575 150 65
2355 7929 603 150 65
2435 7968 616 149 66
2523 8002 619 151 66
2593 8043 613 151 66
2651 8088 620 151 66
2678 8126 605 153 67
2666 8162 592 153 67
2627 8195 562 153 67
2540 8222 524 153 67
2414 8230 493 153 67
2262 8230 480 153 67
2107 8199 497 153 67
2000 8155 524 153 67
1924 8100 527 153 67
1924 8061 559 153 67
1984 8022 599 152 68
2085 7979 643 152 68
2224 7933 678 152 68
2343 7882 696 150 67
2449 7839 693 150 67
2504 7801 672 150 67
2504 7757 694 150 67
2469 7712 685 150 67
2374 7663 685 150 67
2232 7612 684 151 66
2058 7585 659 153 67
1869 7573 642 153 67
1706 7573 656 153 67
1561 7598 640 153 67
1533 7646 619 153 67
1568 7705 619 153 67
1646 7788 599 153 67
1802 7888 574 153 67
2011 7986 583 153 67
2256 8084 584 153 67
2534 8144 583 153 67
2780 8178 586 155 67
3004 8187 594 155 67
3157 8174 578 156 66
3226 8146 578 156 66
3238 8110 594 156 66
3173 8049 595 157 65
3033 7971 588 157 65
2844 7871 588 157 65
2573 7766 640 156 66
2230 7659 700 156 66
1838 7542 717 156 66
1463 7427 710 153 67
1213 7314 693 153 67
1045 7297 688 151 66
980 7297 670 149 66
988 7302 667 149 66
1045 7347 663 147 65
1185 7437 675 147 65
1403 7557 697 147 65
1672 7686 673 147 65
2034 7828 655 147 65
2439 7979 631 147 65
2872 8104 611 149 66
3209 8170 613 150 65
3462 8196 603 152 65
3658 8206 599 152 65
3786 8211 563 155 65
3852 8211 509 157 65
3877 8204 361 157 65
3869 8204 94 160 65
3869 8204 0 160 65
3777 8199 0 160 65
3695 8199 0 160 65
3617 8192 0 160 65
3541 8185 0 160 65
3470 8172 0 160 66
3373 8154 0 160 66
3259 8136 0 160 66
3109 8117 0 159 67
2934 8093 0 156 66
2743 8063 0 153 67
2527 8026 0 152 68
2351 7983 0 150 67
2201 7935 0 146 67
2098 7907 0 144 67
2031 7893 0 144 67
1988 7881 0 144 66
1966 7881 0 145 65
1960 7881 0 145 65
1960 7881 0 146 64
1971 7887 0 148 63
1971 7887 0 147 62
1971 7893 0 148 61
1971 7893 0 148 61
1971 7900 0 147 62
1976 7907 0 147 62
1982 7917 0 147 62
1991 7925 0 149 63
2001 7930 0 148 63
2014 7930 0 148 63
2029 7941 0 146 64
2029 7941 180 146 64
2029 7941 255 145 65
2048 7968 348 144 66
2042 7968 441 142 66
2036 7975 494 140 67
2028 7975 537 140 67
2013 7966 542 140 67
1992 7955 561 140 67
1968 7942 572 140 67
1954 7927 575 140 67
1939 7907 580 140 67
1924 7883 580 140 67
1913 7853 580 144 67
1903 7824 570 144 67
1896 7796 562 144 67
1896 7784 551 146 66
1896 7784 550 146 66
1929 7794 546 146 66
1954 7806 554 146 66
1984 7846 557 146 66
2017 7905 564 146 66
2052 7957 570 146 66
2059 8003 606 146 66
2059 8025 640 146 66
2064 8033 658 146 66
2064 8033 662 146 66
2057 8021 664 146 66
2052 7996 661 142 66
2044 7960 650 142 66
2034 7912 641 142 66
2041 7888 611 142 66
2049 7879 538 142 66
2056 7856 381 144 66
2056 7843 34 144 66
2056 7843 0 146 66
2056 7844 0 147 65
2056 7876 0 147 65
2056 7924 0 147 65
2068 7982 0 147 65
2075 8054 0 147 65
2105 8135 0 147 65
2151 8238 0 145 65
2183 8293 0 145 65
2183 8293 267 145 65
2187 8323 337 145 65
2180 8329 398 145 65
2180 8329 466 145 65
2180 8329 509 146 64
2180 8329 535 148 63
2175 8282 537 148 63
2175 8238 543 148 63
2170 8176 540 148 63
2164 8114 544 148 63
2158 8050 518 148 63
2151 7985 488 146 64
2159 7938 407 146 64
2159 7905 274 146 64
2159 7886 41 146 64
2159 7886 0 146 64
2159 7897 0 146 64
2159 7930 0 145 65
2173 7982 0 145 65
2188 8048 0 145 65
2205 8117 0 145 65
2226 8188 0 145 65
2254 8261 0 145 65
2254 8261 241 145 65
2291 8380 329 145 65
2291 8389 399 145 65
2285 8389 443 148 65
2285 8378 463 148 65
2285 8368 475 150 64
2285 8332 496 150 64
2285 8281 494 150 64
2279 8222 515 151 63
2279 8155 516 149 63
2268 8084 521 148 63
2258 8028 522 148 63
2232 7967 496 148 63
2196 7919 475 146 64
2160 7880 467 146 64
2150 7880 465 146 64
2158 7889 465 148 65
2169 7910 452 148 65
2184 7952 446 148 65
2211 8003 440 148 65
2245 8060 422 148 65
2278 8092 422 148 65
2307 8110 420 147 65
2331 8119 418 147 65
2359 8119 418 145 65
2377 8119 414 145 65
2388 8113 422 145 65
2388 8102 430 147 65
2388 8102 440 147 65
2352 8062 439 147 65
2318 8033 448 147 65
2284 8006 440 147 65
2266 7993 415 146 66
2258 7993 398 144 66
2263 7993 356 144 66
2269 7993 339 144 66
2279 7993 344 142 66
2296 7993 342 142 66
2321 8001 340 142 66
2355 8025 333 142 66
2394 8044 330 142 66
2418 8061 333 142 66
2443 8083 348 144 66
2459 8109 361 144 66
2470 8125 404 146 66
2470 8137 440 146 66
2470 8143 452 146 66
2470 8143 465 147 65
2464 8143 467 147 65
2453 8143 474 147 65
2437 8126 464 148 65
2422 8108 464 148 65
2409 8087 474 148 65
2400 8071 466 147 65
2400 8071 460 147 65
2400 8045 455 145 65
2400 8033 453 145 65
2409 8033 460 145 65
2426 8033 460 144 66
2450 8061 468 144 66
2477 8086 468 144 66
2501 8110 474 144 66
2524 8141 477 146 66
2547 8171 495 147 65
2554 8179 504 147 65
2554 8173 520 147 65
2548 8168 520 149 66
2548 8158 520 150 65
2537 8138 512 150 65
2526 8112 519 150 65
2520 8082 507 150 65
2520 8061 490 149 66
2520 8046 439 149 66
2520 8046 351 149 66
2520 8046 153 149 66
2520 8046 0 148 67
2525 8046 0 148 67
2525 8078 0 148 67
2536 8122 0 148 67
2551 8160 0 148 67
2567 8206 0 150 67
2609 8275 0 150 67
2642 8356 0 151 66
2642 8356 207 153 67
2678 8404 333 154 66
2678 8445 396 154 66
2671 8450 493 154 66
2671 8450 537 155 65
2666 8440 546 155 65
2666 8424 572 155 65
2666 8388 585 156 64
2666 8340 592 156 64
2666 8287 595 156 64
2666 8239 594 156 64
2686 8194 600 156 64
2707 8147 586 156 64
2722 8114 567 156 64
2734 8091 492 154 64
2744 8083 388 154 64
2744 8083 249 153 65
2744 8083 0 153 65
2694 8083 0 153 65
2617 8094 0 151 64
2525 8102 0 151 64
2424 8102 0 151 64
2326 8102 0 150 65
2326 8102 63 150 65
2179 8102 212 150 65
2167 8097 246 150 65
2193 8105 351 150 65
2267 8123 477 150 65
2374 8149 586 150 65
2549 8185 662 150 65
2772 8228 672 150 65
3026 8276 668 151 64
3291 8333 639 153 65
3512 8373 588 154 64
3704 8402 564 156 64
3839 8426 514 159 64
3913 8433 379 161 64
3945 8433 180 161 64
3945 8433 0 162 63
3870 8408 0 164 63
3779 8394 0 164 63
3653 8381 0 164 63
3502 8353 0 164 63
3333 8324 0 164 63
3144 8288 0 164 63
2961 8248 0 161 64
2821 8209 0 159 64
2707 8178 0 159 64
2617 8152 0 156 64
2575 8139 0 156 64
2566 8134 0 155 65
2572 8134 0 153 65
2599 8140 0 154 66
2640 8155 0 154 66
2710 8177 0 156 66
2710 8177 30 156 66
2812 8210 108 156 66
2824 8215 187 156 66
2830 8215 277 156 66
2830 8222 343 157 65
2830 8222 405 157 65
2830 8222 455 157 65
2830 8222 507 160 65
2830 8222 565 160 65
2830 8222 608 160 65
2822 8222 639 160 65
2815 8212 652 158 64
2802 8203 661 158 64
2784 8191 671 158 64
2757 8175 673 158 64
2724 8147 671 158 64
2688 8111 661 158 64
2688 8098 641 156 64
2688 8083 634 156 64
2700 8066 614 154 64
2712 8046 597 154 64
2737 8053 592 153 65
2776 8079 569 151 64
2825 8113 570 153 65
2870 8150 560 153 65
2889 8188 567 153 65
2889 8205 572 156 64
2889 8221 562 156 64
2859 8221 442 158 64
2819 8202 65 158 64
