2015 8569 48 106 57
2119 8683 334 107 59
2134 8703 339 108 60
2127 8718 369 111 61
2122 8725 510 112 62
2122 8725 570 113 63
2107 8714 597 111 64
2091 8691 636 112 64
2054 8581 647 112 64
2002 8421 669 112 64
1939 8228 700 112 64
1920 8093 700 113 63
1920 8003 703 113 63
1934 7944 693 113 63
1949 7910 697 112 62
1943 7910 722 112 62
1922 7924 697 112 62
1825 7958 748 109 62
1671 7987 824 109 62
1479 7987 854 109 62
1287 7965 921 109 62
1112 7902 956 109 62
947 7836 950 109 62
888 7770 897 109 62
901 7712 814 108 61
961 7658 705 110 60
1096 7637 415 108 60
1096 7637 0 108 60
1338 7684 0 108 60
1414 7714 0 108 60
1450 7729 0 110 60
1490 7734 0 111 61
1553 7762 0 112 62
1630 7795 0 114 62
1720 7832 0 115 62
1804 7872 0 115 62
1884 7910 0 115 62
1939 7934 0 114 61
1978 7951 0 114 61
2006 7970 0 113 60
2033 7985 0 111 59
2051 7993 0 109 60
2051 7993 142 109 60
2051 7993 211 108 60
2051 7993 280 108 61
2051 7993 366 108 61
2051 7993 472 108 61
2051 7993 539 110 60
2051 7993 586 110 60
2051 7993 631 110 60
2051 7993 667 112 60
2051 7993 693 112 60
2051 7993 699 112 60
2051 7993 708 112 60
2051 7993 714 112 60
2051 7993 721 112 60
2051 7993 727 112 60
2051 7993 730 112 60
2081 8021 733 112 60
2081 8032 720 112 60
2081 8032 724 112 60
2081 8032 725 112 60
2081 8032 728 112 60
2081 8032 736 113 60
2081 8032 748 113 60
2081 8032 750 113 60
2081 8032 768 113 60
2081 8032 793 113 60
2081 8032 809 112 60
2074 8032 819 112 60
2074 8032 817 112 60
2056 8025 829 112 60
2033 8004 826 112 60
2014 7970 808 112 60
2014 7953 784 112 60
2024 7930 765 112 60
2054 7915 762 112 60
2097 7908 763 112 60
2149 7929 757 113 61
2190 7957 757 113 61
2206 7991 750 113 61
2206 8024 770 113 61
2183 8057 790 113 61
2145 8074 797 113 61
2095 8080 787 113 61
2048 8060 788 113 61
2024 8027 722 113 61
2015 7985 473 113 61
2031 7943 267 113 61
2031 7943 0 113 61
2166 7933 0 112 60
2243 7972 0 112 60
2305 8011 0 112 60
2357 8050 0 110 60
2389 8089 0 110 60
2402 8128 0 110 60
2402 8128 218 110 60
2386 8167 465 110 60
2360 8167 495 112 60
2328 8155 526 112 60
2316 8125 569 112 60
2308 8085 591 113 60
2308 8016 611 113 60
2317 7963 614 114 61
2336 7922 609 114 61
2336 7902 584 114 61
2336 7902 536 114 61
2331 7910 407 114 61
2315 7945 309 114 61
2298 7977 284 114 61
2281 8004 233 114 61
2292 8023 202 114 61
2306 8023 210 114 61
2327 8010 223 114 61
2351 7981 304 112 60
2384 7956 420 112 60
2422 7933 515 112 60
2460 7919 554 112 60
2498 7927 546 113 61
2529 7950 455 113 61
2557 7998 160 113 61
2557 7998 0 114 62
2565 8125 0 114 62
2542 8172 0 115 63
2519 8197 0 115 63
2497 8207 0 116 63
2483 8195 0 116 63
2474 8172 0 116 63
2474 8172 467 116 63
2512 8126 591 116 63
2505 8121 640 116 63
2513 8121 684 116 63
2532 8133 671 118 62
2545 8145 514 118 62
2545 8145 0 119 63
2585 8186 0 119 63
2619 8198 0 119 63
2652 8198 0 119 63
2689 8198 0 117 63
2752 8198 0 116 63
2829 8214 0 115 62
2892 8237 0 114 61
2946 8289 0 113 60
2993 8360 0 113 59
3051 8478 0 112 58
3118 8591 0 112 58
3192 8700 0 113 57
3192 8700 638 113 58
3265 8808 631 113 58
3258 8808 631 116 58
3258 8772 676 117 59
3215 8639 794 118 60
3134 8440 788 118 60
3019 8190 796 119 61
2959 8007 824 117 61
2936 7868 851 117 61
2951 7801 846 117 61
2992 7779 828 117 61
3049 7788 831 117 61
3137 7850 818 114 61
3215 7923 826 114 61
3287 8004 832 114 61
3335 8036 818 113 60
3367 8036 828 113 60
3389 8016 852 114 61
3412 7969 866 114 61
3435 7917 867 114 61
3457 7877 863 117 61
3512 7846 857 117 61
3573 7836 881 117 61
3650 7846 906 117 61
3735 7869 908 117 61
3777 7874 914 117 61
3803 7874 915 117 61
3818 7879 906 119 61
3831 7872 887 119 61
3845 7867 791 119 61
3865 7867 605 119 61
3890 7872 80 119 61
3890 7872 0 119 61
3947 7982 0 119 61
3954 8076 0 119 61
3947 8188 0 119 61
3935 8299 0 119 61
3854 8377 0 118 60
3727 8434 0 118 60
3727 8434 987 118 59
3500 8434 1015 119 60
3457 8428 822 119 60
3470 8428 405 119 60
