1382 8395 136 130 66
1372 8431 173 130 66
1372 8436 198 128 65
1372 8436 232 127 64
1372 8395 269 127 64
1362 8331 284 125 64
1354 8249 324 125 64
1347 8150 337 126 62
1335 8040 353 126 62
1320 7929 374 124 63
1303 7840 398 123 62
1286 7766 427 123 62
1271 7729 472 121 63
1271 7722 507 120 62
1271 7734 524 120 62
1280 7772 537 120 62
1287 7869 543 119 61
1310 8005 536 119 61
1344 8180 535 120 62
1393 8355 527 120 62
1456 8531 526 120 62
1528 8628 512 121 63
1552 8667 485 124 63
1557 8667 474 125 64
1548 8654 465 125 64
1535 8596 453 127 64
1518 8508 440 128 65
1499 8388 428 128 65
1486 8262 410 128 65
1471 8125 391 128 65
1453 7984 388 128 65
1432 7868 392 128 65
1414 7786 386 128 65
1394 7726 374 125 65
1372 7689 379 125 65
1354 7677 379 124 64
1336 7683 376 122 65
1322 7714 376 120 64
1312 7770 364 120 64
1312 7842 334 119 63
1312 7936 325 119 63
1339 8003 335 119 63
1379 8052 334 119 63
1413 8083 334 119 63
1444 8100 320 119 63
1473 8107 297 122 63
1505 8129 247 122 63
1538 8160 214 124 64
1578 8198 185 124 64
1629 8258 146 124 64
1685 8332 112 124 64
1729 8416 112 127 64
1766 8514 117 127 64
1801 8612 130 127 64
1821 8667 153 127 64
1830 8695 222 127 64
1830 8695 250 128 65
1824 8677 304 128 65
1815 8644 334 130 66
1795 8575 343 130 66
1775 8477 339 130 66
1746 8360 333 132 65
1712 8222 327 132 65
1692 8071 344 130 65
1675 7911 361 128 65
1661 7790 399 127 64
1647 7718 412 125 64
1647 7678 400 122 63
1660 7678 413 122 63
1676 7713 415 120 64
1706 7771 397 120 64
1744 7884 402 120 64
1790 8012 396 120 64
1832 8150 396 122 65
1855 8200 392 122 65
1867 8212 405 122 65
1867 8198 413 124 64
1867 8159 422 124 64
1855 8087 418 124 64
1843 7993 455 125 64
1833 7877 481 127 64
1833 7810 494 125 65
1833 7775 504 125 65
1846 7749 509 125 65
1857 7739 496 123 65
1867 7739 496 123 65
1880 7765 498 123 65
1906 7830 492 123 65
1943 7923 496 123 65
1976 7997 498 123 65
1994 8033 488 123 65
2002 8045 496 123 65
2007 8045 495 122 65
2012 8050 486 122 65
2017 8050 483 122 65
2017 8034 486 120 64
2012 7998 493 120 64
2012 7947 502 120 64
2005 7870 522 120 64
2005 7806 535 120 64
2005 7750 537 122 65
2005 7728 542 122 65
2025 7728 543 122 65
2043 7735 545 122 65
2062 7783 537 122 65
2098 7859 518 122 65
2135 7955 517 122 65
2151 8031 494 122 65
2151 8063 478 122 65
2158 8063 467 122 65
2158 8063 472 124 64
2158 8046 472 122 63
2150 8024 475 122 63
2150 7987 492 122 63
2150 7940 504 122 63
2157 7897 519 122 63
2164 7858 519 122 63
2171 7822 507 122 63
2179 7805 488 122 63
2187 7805 448 122 63
2196 7820 422 122 63
2209 7838 402 122 63
2227 7894 361 122 63
2266 7975 291 122 63
2317 8034 36 122 63
2317 8034 0 122 63
2362 8067 0 122 63
2368 8067 0 122 63
2368 8067 0 122 63
2376 8060 0 120 64
2386 8060 0 120 64
2413 8071 0 120 64
2450 8084 0 122 65
2486 8098 0 122 65
2523 8090 0 122 65
2540 8065 0 121 66
2540 8030 0 121 66
2540 8030 442 121 66
2528 7987 574 121 66
2528 7987 670 122 67
2528 7998 728 122 67
2548 8052 737 122 67
2601 8131 742 124 66
2675 8241 739 124 66
2758 8387 719 124 66
2842 8558 647 126 66
2927 8700 588 126 66
2972 8776 553 126 66
2989 8807 553 128 65
2989 8807 578 128 65
2968 8776 614 128 65
2937 8724 643 128 65
2896 8635 678 128 65
2862 8513 720 128 65
2828 8370 748 128 65
2786 8219 776 128 65
2738 8065 794 128 65
2692 7971 785 128 65
2677 7919 736 128 65
2683 7904 671 128 65
2693 7919 605 128 65
2725 7955 521 127 64
2771 8033 494 125 65
2828 8083 469 125 65
2866 8114 469 125 65
2892 8135 474 126 66
2916 8153 464 126 66
2927 8163 473 128 65
2927 8163 445 130 66
2927 8163 394 130 66
2921 8154 391 130 66
2914 8130 387 130 66
2905 8095 376 130 66
2898 8067 381 130 66
2898 8039 387 130 66
2898 8011 399 128 66
2905 8003 394 128 66
2914 8008 402 128 66
2920 8019 402 128 66
2939 8042 402 128 66
2962 8074 389 128 66
2987 8102 336 128 66
3012 8132 255 128 66
3045 8162 186 128 66
3079 8186 149 128 66
3112 8204 132 128 66
3144 8209 171 128 65
3115 8190 264 128 65
3094 8156 368 128 65
3077 8087 443 128 65
3044 7966 545 128 65
2999 7810 617 128 65
2946 7625 693 126 66
2885 7438 758 126 66
2830 7336 753 126 66
2808 7292 751 126 66
2808 7276 745 126 66
2808 7311 713 125 65
2837 7381 676 125 65
2880 7522 670 125 65
2924 7684 665 124 64
2979 7861 666 124 64
3042 7950 690 124 64
3088 8010 714 124 64
3133 8052 725 125 65
3177 8072 727 125 65
3202 8088 708 125 65
3214 8098 670 125 65
3234 8106 614 126 66
3251 8106 561 128 65
3251 8093 564 128 65
3251 8070 595 128 65
3239 8034 613 128 65
3233 7997 645 128 65
3233 7980 668 128 65
3238 7980 671 126 66
3253 7980 670 126 66
3268 7985 655 126 66
3285 7995 627 126 66
3306 8004 581 126 66
3316 8009 542 126 66
3316 8009 504 126 66
3322 8004 486 126 66
3327 8004 485 126 66
3350 8016 496 126 66
3383 8031 499 126 66
3424 8050 501 126 66
3465 8072 499 128 66
3498 8079 504 128 66
3524 8079 516 128 66
3537 8070 557 130 66
3537 8058 570 131 67
3537 8050 578 131 67
3545 8044 585 131 67
3545 8044 592 131 67
3564 8055 589 131 67
3591 8066 588 133 67
3613 8066 488 133 67
3624 8066 226 133 67
3624 8066 0 133 67
3624 8066 0 133 67
3624 8066 0 133 67
3624 8097 0 135 68
3624 8130 0 133 69
3617 8167 0 133 69
3605 8205 0 133 69
3588 8235 0 133 69
3561 8252 0 133 69
3526 8265 0 133 69
3490 8273 0 133 69
3460 8280 0 133 69
3442 8296 0 133 69
3431 8317 0 133 67
3426 8351 0 133 67
3426 8351 433 131 67
3426 8409 493 133 66
3431 8431 530 132 65
3444 8448 519 132 65
3457 8462 423 130 65
3468 8481 136 132 64
3468 8481 0 132 64
3488 8521 0 130 63
3488 8536 0 130 63
3466 8544 0 130 63
3433 8544 0 130 63
3393 8538 0 130 63
3347 8526 0 130 63
3304 8511 0 130 63
3286 8497 0 129 63
3286 8484 0 127 62
3293 8476 0 129 61
3293 8476 382 129 61
3328 8457 790 128 61
3312 8449 866 128 61
3266 8449 900 128 61
3273 8449 864 128 61
3273 8449 763 127 62
3273 8455 312 127 62
3273 8455 0 127 62
3254 8481 0 127 62
3236 8500 0 127 62
3193 8516 0 127 62
3116 8516 0 126 61
3015 8508 0 126 61
2898 8487 0 125 60
2756 8459 0 124 60
2597 8419 0 124 60
2434 8374 0 122 60
2288 8344 0 121 59
2153 8325 0 119 60
2027 8340 0 119 60
1920 8384 0 118 60
1825 8447 0 118 60
1736 8495 0 117 61
1647 8540 0 118 62
1559 8577 0 119 63
1504 8606 0 122 65
1476 8631 0 123 65
1467 8683 0 128 66
1475 8735 0 131 68
1486 8783 0 135 69
1503 8824 0 135 71
1512 8841 0 137 71
1512 8841 0 140 72
1528 8825 0 137 73
1528 8825 101 137 73
1553 8782 519 135 72
1561 8772 691 133 73
1566 8772 812 133 73
1580 8772 828 133 73
1595 8803 796 130 72
1628 8844 526 130 72
1628 8844 0 126 72
1718 8958 0 124 71
1760 9002 0 124 71
1800 9038 0 120 71
1856 9071 0 116 70
1958 9114 0 112 70
2091 9165 0 109 69
2251 9185 0 105 68
2423 9167 0 103 69
2604 9124 0 102 68
2791 9061 0 104 66
2969 8968 0 105 65
3140 8856 0 111 64
3242 8736 0 115 63
3341 8609 0 118 62
3439 8478 0 123 62
3484 8364 0 123 61
3498 8273 0 128 61
3491 8198 0 129 61
3473 8146 0 129 63
3457 8114 0 130 65
3441 8096 0 130 67
3441 8096 0 127 69
3454 8096 0 125 70
3481 8096 0 125 70
3518 8088 0 125 70
3554 8088 0 125 70
3587 8083 0 127 70
3604 8071 0 127 70
3612 8055 0 127 70
3612 8040 0 129 70
3612 8040 130 129 70
3606 8010 345 129 70
3590 7990 509 131 69
3574 7957 638 129 70
3551 7914 731 129 70
3523 7865 783 129 70
3475 7819 803 129 70
3399 7764 817 127 69
3305 7701 823 127 69
3158 7635 806 125 68
2950 7568 800 125 68
2700 7498 808 124 67
2401 7441 818 124 67
2098 7395 830 122 68
1793 7395 837 120 67
1553 7471 843 122 68
1371 7599 818 122 68
1228 7782 814 122 68
1110 8014 821 119 68
1046 8280 823 121 69
1019 8510 827 121 69
1052 8636 832 121 69
1081 8693 818 121 69
1108 8718 809 122 70
1156 8704 809 122 70
1242 8663 814 122 70
1353 8612 818 122 70
1513 8566 821 122 70
1713 8548 825 124 71
1940 8548 851 124 71
2128 8569 854 124 71
2240 8541 863 124 71
2302 8479 870 124 71
2302 8350 869 124 71
2259 8204 858 127 70
2197 8047 861 125 70
2131 7907 866 125 70
2124 7866 858 123 69
2155 7890 855 119 68
2271 8009 888 119 68
2446 8193 896 119 68
2660 8421 897 118 68
2891 8615 917 119 68
3016 8678 926 119 68
3069 8654 944 119 68
3063 8607 940 122 68
3041 8530 937 123 69
3008 8434 952 123 69
3039 8382 982 123 69
3191 8420 1023 123 69
3423 8518 1023 123 69
3783 8732 994 123 69
4115 8929 381 123 69
