1584 8106 98 109 75
1632 8245 200 114 76
1641 8275 246 121 75
1641 8275 310 127 74
1641 8245 392 128 72
1626 8166 430 128 71
1606 8031 466 127 70
1571 7860 491 127 69
1541 7708 515 127 69
1513 7608 540 127 69
1501 7542 554 125 70
1492 7513 577 125 70
1492 7513 584 125 70
1492 7537 586 125 70
1519 7641 585 125 70
1557 7819 595 125 70
1618 8046 602 123 69
1673 8180 610 123 69
1725 8252 636 123 69
1760 8284 640 125 68
1796 8301 659 125 68
1828 8279 673 125 68
1858 8231 667 128 68
1885 8126 669 128 68
1901 8015 673 128 68
1910 7899 684 128 68
1902 7814 694 128 68
1871 7754 694 125 68
1825 7711 685 125 68
1750 7681 687 125 68
1659 7665 693 123 69
1557 7658 697 123 69
1499 7645 694 123 69
1480 7637 673 123 69
1488 7637 673 123 69
1538 7637 673 123 69
1643 7645 669 123 69
1784 7679 676 123 69
1929 7726 684 123 69
2080 7782 693 123 69
2186 7839 693 123 69
2259 7913 673 123 69
2327 7998 616 123 69
2371 8109 603 123 69
2398 8214 591 124 67
2398 8314 585 124 67
2382 8370 595 124 67
2354 8420 611 126 67
2320 8447 647 128 68
2287 8461 650 130 67
2255 8461 663 130 67
2216 8434 672 130 67
2192 8399 678 131 67
2178 8330 687 131 67
2170 8257 684 131 67
2165 8167 666 131 67
2165 8069 631 130 67
2165 7967 548 130 67
2181 7884 377 128 66
2203 7813 132 126 67
2203 7813 0 126 67
2256 7770 0 126 67
2275 7784 0 126 67
2290 7822 0 126 67
2314 7881 0 126 67
2340 7955 0 128 68
2366 8027 0 125 68
2385 8077 0 125 68
2400 8112 0 125 68
2410 8133 0 125 70
2418 8152 0 125 70
2425 8170 0 125 70
2436 8186 0 122 70
2449 8198 0 122 70
2449 8198 307 122 70
2449 8198 417 125 70
2461 8169 438 127 69
2454 8146 473 125 68
2435 8092 519 125 68
2410 8022 568 128 68
2390 7955 591 128 68
2372 7897 602 128 68
2372 7844 605 128 68
2372 7806 603 128 68
2381 7784 597 125 68
2391 7772 588 125 68
2405 7762 592 125 68
2420 7762 597 125 68
2438 7757 605 125 68
2465 7767 609 127 69
2499 7790 611 127 69
2533 7822 613 127 69
2566 7855 611 127 69
2601 7909 606 129 70
2629 7977 594 129 70
2652 8043 592 129 70
2658 8107 585 129 70
2658 8158 592 129 70
2665 8200 589 129 70
2665 8238 591 133 70
2657 8273 588 133 70
2642 8305 592 133 70
2624 8322 597 135 69
2609 8330 619 135 69
2596 8330 611 135 69
2589 8324 611 137 69
2575 8313 616 137 69
2557 8277 620 135 68
2543 8225 634 135 68
2530 8165 641 135 68
2521 8104 661 135 68
2516 8044 662 133 69
2523 7995 663 133 69
2539 7952 671 131 68
2556 7921 661 129 68
2593 7903 650 131 69
2644 7895 638 131 69
2684 7890 639 131 69
2703 7881 625 131 69
2709 7866 617 131 69
2709 7853 610 131 69
2709 7842 589 129 68
2716 7842 578 131 68
2746 7859 577 130 67
2791 7906 574 130 67
2836 7944 572 130 67
2857 7976 570 128 68
2863 7976 572 128 68
2863 7971 566 127 69
2856 7966 543 127 69
2856 7966 538 127 70
2872 7981 535 127 70
2900 8023 535 127 70
2937 8087 529 127 70
2958 8165 529 127 70
2958 8229 551 127 70
2939 8268 581 131 71
2917 8290 606 131 71
2899 8299 616 133 70
2889 8299 616 133 70
2889 8294 620 133 70
2889 8264 619 135 69
2889 8219 640 135 69
2894 8158 670 135 69
2889 8094 673 135 69
2878 8026 682 135 69
2864 7953 673 133 70
2871 7907 665 133 70
2892 7880 650 133 70
2931 7873 644 131 69
2982 7879 643 133 69
3041 7895 647 133 69
3069 7900 628 133 69
3078 7900 616 131 68
3073 7900 554 133 67
3064 7900 472 133 67
3054 7900 379 133 67
3044 7919 270 131 67
3038 7971 160 133 67
3038 8043 88 131 68
3014 8112 25 131 68
2980 8140 71 129 68
2939 8140 141 129 68
2903 8125 249 129 70
2897 8108 325 129 70
2908 8090 396 129 70
2945 8082 420 129 70
2986 8082 409 129 70
3033 8082 237 129 70
3033 8082 0 129 70
3115 8095 0 131 69
3140 8079 0 129 70
3135 8061 0 129 70
3135 8038 0 129 70
3157 8038 0 129 70
3201 8051 0 127 69
3201 8051 302 125 70
3248 8056 422 125 70
3234 8049 423 125 70
3201 8015 456 127 70
3154 7964 496 127 70
3097 7914 554 127 70
3069 7892 569 127 70
3069 7892 563 129 70
3094 7892 570 129 70
3140 7919 567 131 69
3192 7961 497 129 68
3215 7991 279 129 68
3215 7991 0 129 68
3182 8003 0 127 69
3113 7975 0 127 69
3021 7940 0 125 70
2936 7905 0 125 70
2847 7872 0 125 70
2755 7838 0 125 68
2647 7803 0 128 68
2541 7767 0 130 67
2452 7742 0 131 67
2374 7725 0 133 66
2314 7725 0 135 65
2254 7730 0 137 65
2192 7745 0 137 65
2129 7766 0 140 65
2072 7784 0 140 65
2021 7795 0 137 65
2021 7795 520 137 65
1959 7755 551 135 65
1933 7732 540 132 65
1925 7677 546 133 66
1925 7600 581 131 67
1936 7528 625 130 67
1942 7471 659 131 68
1947 7423 670 129 68
1952 7384 673 129 68
1952 7369 666 129 68
1952 7369 664 128 68
1943 7381 670 128 68
1917 7433 693 128 68
1889 7511 702 125 68
1859 7603 697 125 68
1854 7692 710 125 68
1878 7775 724 127 69
1922 7837 728 127 69
1992 7887 736 127 69
2063 7922 736 129 68
2119 7917 733 129 68
2163 7885 690 129 68
2185 7834 653 129 68
2177 7753 559 129 68
2149 7651 418 129 68
2102 7551 367 128 68
2060 7485 391 128 68
2020 7442 397 128 68
1998 7417 449 128 68
1991 7407 478 128 68
1991 7407 522 128 68
2014 7407 561 128 68
2050 7420 603 128 68
2097 7439 638 128 68
2156 7471 652 128 68
2216 7511 662 128 68
2269 7557 663 128 68
2317 7601 676 128 68
2350 7641 681 128 68
2372 7673 696 129 68
2387 7691 705 129 68
2387 7701 725 129 68
2372 7701 725 129 68
2354 7701 763 129 68
2335 7688 760 129 68
2316 7670 768 129 68
2299 7642 787 129 68
2282 7610 787 129 68
2282 7577 791 129 68
2282 7563 788 129 68
2311 7563 776 129 68
2348 7569 777 131 68
2405 7588 774 131 68
2463 7615 777 131 68
2497 7629 779 131 69
2514 7619 782 131 69
2514 7593 785 131 69
2514 7559 785 133 70
2508 7525 777 133 70
2522 7511 751 133 70
2564 7511 760 133 70
2625 7533 749 135 69
2716 7573 749 135 69
2807 7626 751 135 69
2862 7658 754 135 69
2892 7667 751 135 69
2892 7660 757 135 69
2884 7636 776 135 69
2863 7607 779 133 69
2841 7572 787 133 69
2825 7546 787 133 69
2820 7527 773 131 68
2820 7513 759 131 68
2827 7497 722 131 68
2835 7475 605 133 69
2844 7449 301 133 69
2844 7449 0 133 69
2829 7397 0 133 69
2820 7397 0 129 68
2810 7415 0 129 68
2791 7441 0 129 68
2767 7481 0 129 68
2733 7531 0 128 68
2691 7607 0 128 68
2644 7679 0 130 67
2595 7748 0 130 67
2532 7768 0 131 68
2532 7768 546 133 67
2417 7775 620 135 68
2398 7788 589 135 68
2398 7802 586 137 69
2432 7831 586 139 69
2504 7870 553 139 69
2598 7899 399 139 69
