2104 8597 292 138 61
2104 8597 314 137 62
2104 8597 330 137 62
2105 8546 389 137 62
2099 8464 486 137 62
2088 8356 556 137 62
2073 8247 592 137 62
2065 8138 645 137 62
2065 8047 659 137 62
2065 7965 671 138 61
2077 7905 666 138 61
2077 7867 669 136 61
2077 7845 673 136 61
2067 7833 676 136 61
2052 7825 673 138 61
2026 7825 664 138 61
1993 7825 670 138 61
1945 7819 655 140 62
1882 7819 646 138 63
1810 7819 650 138 63
1729 7809 673 138 63
1651 7797 685 138 63
1574 7785 702 137 63
1527 7773 705 137 63
1499 7766 716 137 63
1483 7759 728 135 64
1483 7759 716 135 64
1483 7759 703 135 64
1497 7766 699 135 64
1550 7782 699 135 64
1631 7805 700 135 64
1770 7849 713 135 64
1963 7905 722 135 64
2192 7968 751 135 64
2425 8024 787 137 63
2672 8078 797 137 63
2928 8117 806 138 63
3136 8148 800 138 63
3309 8180 785 138 63
3458 8209 759 140 62
3544 8230 690 141 63
3573 8245 556 141 63
3564 8253 60 144 62
3564 8253 0 144 62
3401 8249 0 144 62
3264 8230 0 144 62
3107 8211 0 143 62
2972 8195 0 141 63
2852 8185 0 140 62
2737 8179 0 138 61
2622 8171 0 137 62
2506 8162 0 137 62
2387 8147 0 133 62
2266 8128 0 132 63
2158 8110 0 130 63
2060 8096 0 130 63
1968 8084 0 129 64
1913 8079 0 125 64
1894 8079 0 124 63
1899 8090 0 121 63
1908 8100 0 120 62
1913 8111 0 120 62
1913 8121 0 119 61
1913 8131 0 119 61
1913 8141 0 120 60
1898 8156 0 120 60
1883 8173 0 122 60
1878 8190 0 122 60
1878 8214 0 125 60
1878 8242 0 125 60
1878 8254 0 126 60
1878 8290 0 128 61
1878 8342 0 129 60
1878 8342 99 129 60
1894 8476 122 131 61
1906 8515 119 134 61
1919 8555 170 134 61
1937 8589 217 135 62
1957 8611 225 137 62
1972 8625 240 137 62
1985 8631 246 137 62
2000 8631 221 137 62
2013 8631 173 138 63
2023 8631 141 138 63
2031 8625 139 138 63
2036 8617 81 138 63
2042 8612 24 138 63
2042 8612 0 138 63
2061 8604 0 138 63
2067 8604 0 138 63
2067 8604 66 138 63
2067 8604 137 137 62
2067 8604 220 137 62
2067 8629 247 137 62
2067 8635 269 137 62
2073 8645 289 137 62
2073 8659 305 137 62
2081 8659 354 137 62
2086 8659 404 137 62
2092 8630 488 137 62
2102 8586 561 137 62
2102 8485 616 137 62
2107 8383 646 137 62
2107 8285 669 137 62
2118 8209 685 136 61
2139 8144 690 136 61
2168 8103 687 136 61
2199 8086 675 136 60
2229 8086 662 136 60
2258 8113 639 136 60
2299 8170 585 135 59
2340 8247 563 135 59
2362 8311 560 135 59
2372 8355 592 135 59
2364 8387 619 135 59
2349 8401 636 135 59
2330 8410 666 135 59
2319 8410 678 138 59
2311 8399 682 138 59
2311 8373 688 138 59
2311 8338 696 138 59
2316 8281 724 138 59
2327 8231 724 138 59
2343 8187 725 138 59
2365 8151 720 138 59
2388 8132 727 138 59
2411 8124 708 138 59
2433 8131 691 138 59
2454 8156 684 139 60
2475 8192 670 139 60
2485 8231 664 139 60
2485 8268 676 139 60
2474 8288 693 139 60
2456 8299 724 139 60
2434 8299 730 139 60
2427 8286 736 139 60
2427 8274 742 139 60
2422 8242 745 139 60
2441 8209 748 139 60
2464 8177 748 139 60
2495 8159 748 141 60
2532 8150 746 141 60
2570 8150 727 141 60
2608 8171 708 141 60
2637 8203 675 141 60
2657 8239 659 141 60
2672 8269 631 141 60
2662 8288 637 141 60
2643 8302 675 141 60
2617 8294 696 141 60
2586 8261 720 141 60
2561 8212 768 141 60
2539 8127 805 141 60
2506 8018 842 142 61
2494 7894 855 141 61
2494 7795 855 141 61
2513 7720 846 141 61
2529 7660 784 141 61
2546 7632 645 138 61
2559 7632 342 138 61
2559 7632 0 138 61
2602 7731 0 138 61
2648 7816 0 138 61
2675 7908 0 138 61
2699 7996 0 138 61
2721 8078 0 138 61
2731 8150 0 138 61
2731 8210 0 136 61
2731 8210 340 136 61
2719 8306 418 136 61
2704 8343 461 136 61
2686 8360 494 138 60
2686 8366 541 139 61
2686 8366 570 139 61
2686 8360 611 139 61
2696 8347 645 141 60
2712 8316 652 141 60
2725 8274 673 141 60
2735 8223 673 141 60
2758 8178 673 141 60
2782 8141 675 141 60
2806 8108 667 144 60
2833 8094 661 144 60
2862 8094 650 144 60
2891 8114 628 144 60
2911 8138 611 144 60
2926 8174 606 144 60
2938 8219 611 144 60
2933 8247 641 144 60
2922 8271 643 144 60
2906 8286 673 144 60
2893 8295 699 144 60
2885 8295 690 144 60
2885 8295 700 144 60
2885 8287 702 144 60
2891 8269 691 145 60
2906 8244 691 145 60
2929 8223 690 145 60
2963 8208 696 145 60
3002 8196 688 144 60
3044 8196 673 144 60
3089 8215 663 144 60
3125 8240 661 144 60
3156 8270 656 142 59
3168 8303 644 142 59
3158 8338 659 142 59
3132 8360 668 141 59
3099 8377 688 141 59
3066 8383 690 141 59
3034 8374 725 141 59
3018 8357 725 142 59
3013 8336 737 142 59
3013 8301 745 142 59
3024 8257 754 143 59
3042 8221 755 143 59
3074 8202 745 143 59
3114 8194 724 143 59
3168 8205 702 143 59
3224 8248 647 143 59
3282 8313 624 143 59
3330 8394 622 142 58
3347 8469 687 142 58
3347 8514 761 139 58
3319 8542 854 139 58
3293 8542 894 139 58
3265 8506 933 138 58
3238 8441 941 138 58
3227 8369 937 138 58
3227 8300 905 138 58
3245 8233 814 139 58
3266 8189 641 140 58
3289 8173 301 140 58
3289 8173 0 140 58
3295 8204 0 140 58
3268 8236 0 140 58
3209 8269 0 140 58
3130 8290 0 140 58
3037 8308 0 140 58
2929 8320 0 140 58
2818 8325 0 140 58
2818 8325 17 139 58
2605 8325 442 139 58
2548 8333 467 139 58
2519 8355 512 139 58
2519 8367 529 141 59
2551 8393 561 141 59
2603 8429 599 139 60
2673 8449 610 139 60
2744 8466 628 139 60
2788 8466 640 139 60
2813 8450 675 141 60
2819 8427 713 141 60
2803 8377 720 142 59
2772 8308 727 142 59
2744 8256 731 142 59
2744 8214 739 144 60
2772 8178 757 144 60
2810 8159 762 144 60
2872 8159 773 145 59
2951 8182 785 145 59
3030 8223 791 145 59
3090 8271 791 143 59
3136 8323 780 143 59
3136 8377 768 143 59
3089 8429 768 143 59
3007 8476 765 143 59
2892 8515 760 142 59
2732 8527 765 142 59
2541 8527 785 142 59
2346 8484 796 142 59
2209 8440 808 141 60
2111 8386 825 141 60
2061 8309 849 141 60
2061 8217 861 139 60
2088 8133 854 139 60
2164 8067 866 138 59
2272 8013 879 138 59
2401 7991 870 138 59
2540 8004 858 136 58
2680 8041 861 138 59
2775 8093 831 138 59
2839 8148 827 138 59
2855 8206 832 139 60
2816 8251 818 139 60
2741 8293 824 141 60
2629 8310 834 141 60
2528 8310 851 141 60
2433 8310 852 141 60
2417 8297 848 141 60
2449 8286 858 141 60
2514 8258 861 141 60
2637 8220 878 139 60
2799 8208 890 139 60
2986 8193 887 139 60
3179 8186 881 141 59
3348 8186 855 141 59
3443 8180 860 141 59
3496 8175 845 141 59
3487 8168 833 141 59
3379 8156 823 141 59
3204 8104 803 142 58
2929 8026 866 141 59
2630 7918 964 141 59
2316 7840 1003 141 59
2119 7781 1017 139 60
2003 7740 1014 139 60
1940 7718 981 138 60
1935 7710 933 138 60
1948 7710 905 136 61
1972 7705 870 136 61
2010 7705 824 135 62
2078 7720 768 135 62
2167 7747 763 135 62
2272 7779 746 134 61
2364 7806 754 134 61
2446 7829 767 134 61
2506 7841 817 132 60
2538 7841 867 134 60
2551 7836 941 134 60
2551 7830 991 134 60
2562 7822 981 136 60
2576 7808 982 136 60
2590 7799 796 136 60
