2917 8465 17 134 60
2959 8470 58 135 60
2978 8470 88 135 60
2996 8480 101 135 60
3010 8487 139 135 60
3020 8493 196 135 60
3027 8493 247 135 60
3027 8493 306 134 60
3027 8498 334 134 60
3020 8498 369 134 60
3008 8503 405 134 60
2994 8503 415 134 60
2973 8515 427 134 60
2946 8528 438 135 60
2916 8534 449 135 60
2867 8534 474 135 60
2791 8528 465 135 60
2698 8493 481 135 60
2562 8442 522 135 60
2422 8373 561 135 60
2280 8274 628 135 60
2135 8155 646 135 60
1990 8004 659 134 61
1898 7871 665 134 61
1842 7751 658 134 61
1833 7672 652 132 61
1856 7619 646 132 61
1900 7584 644 130 62
1981 7567 649 130 62
2104 7586 643 129 63
2255 7630 644 129 63
2426 7711 647 129 63
2597 7810 637 129 63
2765 7920 640 127 62
2903 8030 641 127 62
3024 8141 645 127 62
3122 8252 645 129 61
3176 8357 637 129 61
3200 8442 636 129 61
3186 8513 641 131 61
3132 8559 650 131 61
3052 8573 652 131 61
2941 8566 653 131 61
2804 8506 665 131 60
2649 8408 702 131 60
2499 8285 696 129 60
2408 8169 690 129 60
2357 8052 702 129 60
2366 7961 697 128 61
2423 7887 691 128 61
2513 7853 676 128 61
2659 7868 661 128 61
2815 7915 647 128 61
2978 8004 643 128 61
3108 8100 637 128 61
3193 8201 641 126 60
3248 8315 656 128 61
3238 8378 694 128 61
3173 8408 707 128 61
3071 8430 728 131 61
2943 8402 746 131 61
2795 8342 765 131 61
2634 8246 777 134 61
2517 8150 774 134 61
2472 8057 763 134 61
2472 7966 757 134 61
2518 7888 750 134 61
2595 7832 758 132 61
2695 7792 733 132 61
2797 7776 702 132 61
2863 7776 673 130 62
2906 7785 659 130 62
2897 7793 538 129 61
2818 7814 420 129 61
2692 7843 382 129 61
2483 7864 369 129 61
2256 7882 428 129 61
2016 7873 564 129 61
1802 7847 717 129 61
1655 7808 768 130 62
1552 7784 771 130 62
1561 7784 765 132 63
1620 7784 779 132 63
1712 7802 784 133 63
1914 7865 787 133 63
2197 7958 787 133 63
2533 8072 790 133 63
2879 8185 785 133 63
3181 8266 770 132 63
3454 8327 691 132 63
3650 8352 578 133 62
3758 8373 341 132 61
3758 8373 0 132 61
3787 8373 0 134 61
3711 8360 0 134 61
3598 8352 0 134 61
3474 8344 0 135 60
3365 8336 0 134 61
3265 8327 0 134 61
3181 8316 0 134 61
3109 8305 0 132 60
3044 8322 0 129 60
2989 8322 0 128 59
2925 8311 0 126 58
2856 8284 0 122 57
2735 8249 0 118 56
2609 8208 0 116 55
2480 8162 0 114 55
2371 8113 0 111 55
2266 8060 0 109 57
2163 8024 0 106 58
2170 8000 0 105 58
2153 7987 0 102 59
2119 7975 0 101 61
2050 7964 0 99 62
2016 7959 0 97 62
2006 7959 0 99 61
1976 7959 0 99 61
1950 7966 0 100 60
1930 7966 0 100 60
1920 7966 0 102 59
1920 7976 0 102 59
1920 7990 0 104 59
1920 8014 0 104 60
1904 8037 0 106 60
1884 8058 0 106 60
1860 8074 0 108 60
1839 8085 0 108 60
1823 8085 0 109 60
1818 8085 0 109 60
1818 8085 0 109 60
1825 8085 0 111 59
1830 8098 0 111 59
1841 8114 0 113 60
1851 8137 0 113 60
1862 8163 0 115 60
1877 8190 0 116 60
1892 8215 0 118 60
1908 8239 0 119 61
1908 8239 256 120 60
1937 8248 343 123 61
1914 8263 382 125 60
1914 8263 405 126 61
1909 8263 422 126 61
1909 8251 428 129 61
1909 8230 438 129 61
1923 8200 449 129 61
1943 8155 440 131 61
1968 8110 443 131 61
1992 8063 443 129 61
2005 8015 447 129 61
2011 7979 447 129 61
2006 7944 455 127 62
1985 7911 472 127 62
1953 7876 512 126 61
1906 7856 562 127 62
1857 7846 585 127 62
1807 7846 611 129 61
1771 7837 617 130 62
1741 7837 606 130 62
1732 7837 544 130 62
1732 7849 392 132 63
1762 7874 170 133 62
1762 7874 0 133 62
1869 7930 0 132 63
1923 7954 0 130 62
1975 7982 0 130 62
2026 8008 0 127 62
2077 8034 0 127 62
2128 8056 0 126 61
2171 8072 0 124 62
2209 8083 0 123 61
2234 8090 0 123 61
2234 8090 93 122 60
2234 8090 155 122 60
2246 8118 207 122 60
2234 8125 287 124 60
2217 8130 369 124 60
2217 8130 420 124 60
2178 8130 446 126 60
2154 8120 483 126 60
2121 8095 519 126 60
2089 8060 541 126 60
2058 8023 546 126 60
2058 8001 544 126 60
2058 7989 546 125 60
2085 7974 543 125 60
2122 7974 545 125 60
2168 7983 540 125 60
2215 8006 543 125 60
2247 8036 546 125 60
2269 8071 536 125 60
2269 8092 540 125 60
2254 8110 554 125 60
2226 8118 554 125 60
2192 8118 556 125 60
2163 8118 543 126 60
2143 8111 481 126 60
2152 8111 417 126 60
2178 8111 329 126 60
2227 8124 188 126 60
2281 8141 51 126 60
2281 8141 0 128 59
2385 8170 0 128 59
2425 8182 0 128 59
2455 8182 0 129 60
2477 8182 0 129 60
2477 8182 48 129 60
2508 8182 105 129 60
2508 8187 139 129 60
2513 8195 202 129 60
2513 8206 235 129 60
2513 8221 260 129 60
2507 8235 297 129 60
2493 8244 319 129 60
2473 8250 396 129 60
2447 8250 420 129 60
2418 8240 456 129 60
2387 8221 492 129 60
2366 8195 504 129 60
2351 8169 509 129 60
2351 8144 510 129 60
2361 8119 507 129 60
2383 8094 499 129 60
2410 8068 496 129 60
2432 8047 458 128 59
2451 8036 443 126 60
2459 8031 430 126 60
2453 8025 428 126 60
2437 8018 430 126 60
2402 8008 441 126 60
2368 8008 465 126 60
2337 8003 505 126 60
2313 8003 538 126 60
2298 8003 553 126 60
2298 8009 559 126 60
2317 8018 562 126 60
2350 8041 565 126 60
2400 8074 565 126 60
2461 8104 561 128 61
2520 8136 556 128 61
2576 8169 545 128 61
2620 8195 533 128 61
2657 8216 535 129 61
2669 8233 537 129 61
2669 8241 532 131 61
2650 8241 535 131 61
2616 8246 536 131 61
2584 8227 548 131 61
2552 8208 564 131 61
2536 8185 560 131 61
2536 8162 564 131 61
2551 8143 569 131 61
2571 8127 605 131 61
2612 8117 614 131 61
2666 8117 620 131 61
2709 8129 619 131 61
2738 8146 585 131 61
2758 8162 485 131 61
2770 8179 257 131 61
2770 8179 0 131 61
2770 8237 0 131 61
2757 8264 0 131 61
2741 8290 0 131 61
2741 8290 0 131 61
2718 8329 0 131 61
2718 8329 0 131 61
2718 8329 309 131 61
2718 8329 420 131 61
2718 8329 435 132 60
2718 8329 490 132 60
2724 8354 527 132 60
2731 8363 529 134 61
2738 8370 441 134 61
2754 8378 219 134 61
2754 8378 0 134 61
2796 8387 0 134 61
2809 8381 0 134 61
2816 8381 0 134 61
2835 8387 0 134 61
2858 8402 0 134 61
2890 8422 0 132 60
2926 8445 0 132 60
2961 8468 0 131 60
2985 8495 0 129 59
3001 8524 0 129 59
3001 8524 165 129 59
3001 8524 358 128 58
3001 8524 367 128 58
3001 8524 396 129 59
2971 8509 447 129 59
2941 8457 495 131 60
2909 8395 519 131 60
2878 8333 539 132 60
2851 8271 553 132 60
2830 8225 561 134 61
2817 8190 565 134 61
2810 8171 560 134 61
2810 8165 563 135 62
2810 8165 588 135 62
2817 8173 585 133 62
2817 8189 595 133 62
2832 8213 603 132 61
2841 8224 603 132 61
2848 8236 603 132 61
2870 8246 589 132 61
2892 8254 586 132 61
2918 8254 586 132 61
2946 8249 585 132 61
2976 8244 585 132 61
3005 8244 588 132 61
3034 8244 586 132 61
3064 8253 586 132 61
3094 8268 586 131 61
3119 8290 589 131 61
3140 8318 572 132 60
3159 8353 560 132 60
3169 8382 560 132 60
3169 8397 567 131 60
3169 8404 575 132 60
3162 8397 580 132 60
3153 8385 595 132 60
3132 8350 595 132 60
3124 8302 608 132 60
3124 8267 614 132 60
3134 8248 620 132 60
3154 8239 611 132 60
3182 8239 619 132 60
3218 8253 619 132 60
3253 8277 617 132 60
3287 8315 619 131 60
3307 8356 611 131 60
3324 8399 614 131 60
3338 8438 617 131 60
3338 8456 619 131 60
3338 8456 619 131 60
3338 8456 610 129 59
3338 8434 620 131 60
3330 8405 610 131 60
3325 8372 614 131 60
3335 8346 617 131 60
3353 8326 622 131 60
3373 8313 625 131 60
3392 8313 627 131 60
3413 8333 627 131 60
3437 8360 627 131 60
3461 8394 620 131 60
3474 8433 622 131 60
3479 8468 620 131 60
3479 8485 620 131 60
3472 8485 620 131 60
3472 8485 620 131 60
3472 8464 627 131 60
3472 8438 628 131 60
3472 8407 625 131 60
3483 8385 624 131 60
3501 8374 614 132 60
3516 8367 586 132 60
3527 8367 526 132 60
3536 8384 425 132 60
3547 8409 279 132 60
3547 8454 119 132 60
3540 8499 60 132 60
3529 8545 63 132 60
3512 8576 96 131 61
3491 8603 200 131 61
3474 8620 294 129 60
3460 8629 359 129 60
3452 8629 407 129 60
3452 8629 420 129 60
3457 8629 449 128 59
3472 8629 440 128 59
3499 8621 445 129 60
3532 8611 445 129 60
3563 8597 443 129 60
3594 8582 428 129 60
3626 8570 423 129 60
3660 8557 425 129 60
3696 8547 423 129 60
3718 8547 428 129 60
3731 8547 436 129 60
3736 8547 465 129 60
3736 8547 480 129 60
3736 8547 504 129 60
3727 8559 522 131 60
3709 8564 519 129 59
3681 8564 529 129 59
3652 8555 537 131 60
3629 8539 540 131 60
3609 8521 544 131 60
3609 8500 546 132 60
3617 8476 537 132 60
3634 8448 540 132 60
3660 8425 540 134 61
3685 8406 561 134 61
3709 8391 574 134 61
3717 8383 638 134 61
3717 8383 760 134 61
3705 8378 827 132 60
3667 8378 866 132 60
3611 8372 872 134 60
3543 8372 863 134 60
3500 8372 791 134 60
3482 8372 364 134 60
