3093 7998 51 100 63
3093 7998 96 102 63
3093 7998 171 102 63
3093 7998 249 102 63
3093 7967 302 104 63
3098 7960 337 104 63
3103 7960 369 104 63
3103 7954 409 104 63
3103 7954 433 104 63
3109 7966 452 104 63
3119 7979 465 104 63
3138 8029 466 104 63
3157 8083 469 104 63
3175 8141 473 104 63
3190 8210 473 106 63
3199 8286 474 106 63
3205 8367 465 108 63
3205 8448 467 108 63
3199 8507 472 110 63
3189 8551 473 109 62
3180 8574 489 109 62
3168 8592 537 111 61
3154 8592 537 111 61
3134 8583 550 111 61
3103 8515 560 111 61
3064 8407 577 111 61
3014 8273 609 112 62
2951 8133 650 112 62
2879 7999 693 110 63
2784 7870 716 110 63
2678 7743 736 110 63
2564 7649 754 109 64
2477 7578 751 109 64
2417 7541 770 107 64
2375 7530 760 105 64
2337 7536 751 104 63
2304 7575 731 102 63
2281 7671 722 102 63
2265 7805 717 102 63
2251 7994 710 102 63
2260 8166 700 102 63
2284 8328 693 101 62
2323 8464 682 103 61
2364 8546 678 103 61
2406 8591 676 105 62
2442 8591 682 105 62
2474 8556 705 107 62
2499 8497 719 110 63
2490 8392 728 110 63
2457 8269 761 111 64
2407 8135 763 111 64
2360 8041 763 111 64
2333 7978 762 111 64
2317 7936 749 110 63
2317 7930 710 108 63
2328 7945 696 107 62
2361 7973 691 107 62
2410 8037 702 105 61
2458 8098 700 105 61
2493 8128 696 105 61
2520 8138 696 105 61
2539 8124 696 105 62
2550 8106 714 107 62
2555 8083 728 107 62
2555 8055 737 108 63
2555 8024 739 110 63
2549 8016 739 110 63
2549 8008 737 110 63
2549 8008 722 110 63
2557 8008 727 108 63
2580 8017 721 108 63
2614 8048 717 108 63
2659 8093 711 108 63
2693 8115 708 108 63
2715 8134 697 108 63
2733 8134 697 108 63
2744 8134 700 110 63
2756 8115 702 110 63
2768 8100 705 111 64
2782 8083 703 111 64
2799 8075 703 111 64
2822 8075 705 111 64
2841 8075 707 111 64
2857 8083 705 111 64
2869 8096 707 111 64
2881 8105 707 111 64
2894 8113 705 111 64
2912 8120 703 111 64
2931 8128 703 111 64
2954 8138 703 111 64
2975 8149 703 111 64
2990 8149 705 111 64
3003 8155 705 113 63
3025 8161 705 113 63
3046 8161 703 113 63
3066 8166 708 112 62
3105 8166 707 112 62
3144 8156 707 112 62
3181 8145 708 112 62
3204 8132 708 112 62
3219 8120 717 112 62
3226 8112 721 112 62
3226 8106 739 112 62
3216 8099 739 112 62
3186 8092 736 111 61
3138 8092 727 111 61
3078 8092 728 112 62
3031 8116 716 112 62
2987 8178 710 112 62
2945 8267 696 112 62
2921 8382 693 112 62
2921 8499 687 112 62
2942 8618 676 112 62
2977 8688 675 112 62
3013 8726 673 112 62
3043 8743 676 111 61
3068 8719 699 109 62
3084 8655 714 109 62
3078 8564 736 109 62
3057 8421 751 109 62
2990 8274 750 109 62
2860 8117 749 112 62
2688 7951 730 112 62
2456 7784 722 110 63
2227 7617 737 110 63
2046 7509 742 110 63
1896 7461 746 109 64
1800 7454 754 109 64
1748 7482 749 107 64
1726 7516 736 107 64
1751 7555 733 105 64
1819 7615 730 105 64
1916 7670 740 105 64
2053 7723 751 105 64
2226 7776 791 105 64
2423 7834 787 105 64
2662 7890 818 107 64
2872 7940 825 107 64
3063 7955 843 107 64
3214 7947 846 109 64
3305 7937 855 109 64
3356 7926 854 109 64
3379 7914 858 111 64
3390 7907 861 111 64
3390 7907 854 109 64
3390 7901 854 109 64
3390 7901 855 109 64
3390 7907 854 109 64
3390 7907 857 109 64
3372 7917 854 109 64
3348 7926 848 109 64
3336 7926 846 109 64
3326 7926 845 109 64
3321 7926 842 109 64
3321 7926 839 109 64
3321 7926 834 109 64
3321 7926 833 110 63
3321 7920 828 110 63
3327 7914 828 110 63
3327 7903 828 110 63
3327 7886 828 110 63
3321 7865 822 110 63
3309 7842 832 110 63
3293 7826 818 110 63
3274 7815 802 110 63
3252 7810 788 110 63
3227 7815 762 109 62
3205 7826 754 109 62
3188 7848 761 109 62
3180 7869 757 109 62
3180 7889 746 109 62
3164 7912 740 109 62
3148 7927 730 109 62
3137 7938 721 109 62
3124 7947 720 110 63
3110 7947 730 110 63
3110 7947 724 110 63
3110 7947 721 108 63
3121 7947 717 108 63
3131 7941 717 108 63
3143 7935 719 108 63
3154 7924 722 108 63
3154 7913 727 108 63
3154 7902 731 108 63
3159 7896 733 108 63
3159 7896 731 108 63
3174 7896 730 110 63
3191 7896 733 110 63
3211 7896 720 110 63
3234 7896 740 109 62
3254 7896 763 111 61
3269 7896 777 111 61
3277 7890 790 110 60
3283 7885 783 112 60
3288 7885 794 110 60
3294 7885 784 110 60
3308 7885 725 110 60
3334 7894 502 110 60
