1231 7490 108 143 55
1231 7490 173 143 55
1250 7462 277 143 55
1255 7462 379 143 55
1270 7462 474 141 55
1288 7471 554 141 55
1314 7487 637 140 55
1352 7511 727 140 55
1396 7556 759 139 55
1456 7616 805 139 55
1526 7689 845 139 55
1592 7766 873 139 55
1658 7846 912 140 55
1712 7936 936 140 55
1759 8050 934 140 55
1804 8180 944 143 55
1834 8304 950 144 56
1855 8402 976 145 55
1882 8484 997 146 55
1887 8521 1023 146 55
1876 8537 1023 149 55
1876 8537 1023 149 55
1871 8547 1023 150 55
1871 8553 1023 150 55
1866 8553 1023 150 55
1866 8553 1023 152 56
1866 8544 1023 152 56
1859 8489 1023 152 56
1851 8403 1023 152 56
1841 8317 1023 152 56
1847 8235 1023 152 56
1858 8156 1023 152 56
1876 8076 1023 151 54
1887 8006 1023 151 54
1893 7943 1023 151 54
1899 7893 1023 150 54
1899 7861 1023 150 54
1899 7842 1023 150 54
1899 7828 1023 148 54
1883 7819 1023 148 54
1844 7813 1023 150 54
1789 7806 1023 150 54
1733 7801 1023 150 54
1671 7801 1023 149 55
1605 7792 1023 149 55
1580 7786 1023 147 55
1573 7778 978 147 55
1578 7778 947 147 55
1592 7772 942 147 55
1620 7772 921 147 55
1656 7765 908 146 54
1708 7770 905 146 54
1760 7782 887 146 54
1811 7803 861 147 55
1869 7835 825 147 55
1927 7875 814 147 55
1971 7930 805 147 55
2004 7985 799 147 55
2041 8040 803 148 54
2060 8091 815 147 53
2068 8133 819 147 53
2068 8167 870 147 53
2068 8177 902 147 53
2068 8170 894 147 53
2068 8170 908 146 53
2068 8163 906 146 53
2062 8152 894 146 53
2056 8111 897 146 53
2046 8052 896 146 53
2037 8000 896 146 53
2047 7947 894 146 53
2070 7906 892 146 53
2091 7873 905 146 53
2113 7851 903 146 53
2136 7844 906 146 53
2159 7844 906 146 53
2188 7864 906 145 53
2217 7898 906 145 53
2249 7944 905 146 52
2276 8010 903 146 52
2301 8074 905 146 52
2318 8132 908 146 52
2327 8165 899 146 52
2327 8183 911 146 52
2327 8189 926 145 53
2327 8189 930 145 53
2327 8189 929 143 52
2320 8166 933 143 52
2306 8128 932 143 52
2287 8076 930 143 52
2287 8020 929 143 52
2287 7975 923 143 52
2302 7939 921 143 52
2324 7899 912 143 52
2352 7872 899 142 53
2386 7855 909 142 53
2428 7855 902 142 53
2476 7872 888 143 53
2528 7903 879 145 53
2585 7946 872 145 53
2642 8007 867 146 53
2695 8079 870 146 53
2724 8136 869 146 53
2740 8187 882 146 53
2740 8220 902 147 53
2732 8243 894 147 53
2710 8261 908 147 53
2673 8261 912 147 53
2623 8252 921 147 53
2565 8223 924 146 53
2496 8166 930 146 53
2429 8091 938 146 53
2362 8016 936 146 53
2343 7954 929 143 53
2348 7900 932 143 53
2369 7857 921 143 53
2407 7839 908 142 53
2446 7839 905 142 53
2489 7851 903 143 53
2533 7886 899 143 53
2577 7935 897 143 53
2613 7998 894 146 53
2645 8056 897 146 53
2658 8095 909 146 53
2665 8122 932 146 53
2665 8122 944 147 53
2665 8122 945 147 53
2660 8122 933 147 53
2649 8084 938 147 53
2637 8033 940 146 54
2637 7979 937 146 54
2651 7929 938 146 54
2678 7882 948 146 54
2705 7846 939 146 54
2748 7825 926 146 54
2801 7815 909 146 53
2852 7823 897 147 53
2890 7839 906 147 53
2918 7861 908 147 53
2918 7869 899 147 53
2913 7869 906 148 54
2895 7874 912 149 53
2858 7874 920 149 53
2782 7853 930 149 53
2680 7806 934 149 53
2528 7743 985 148 54
2347 7658 1018 148 54
2146 7570 1023 147 53
1981 7491 1023 147 53
1891 7420 1023 146 54
1851 7399 1023 146 54
1851 7392 1023 146 54
1851 7392 1020 146 54
1900 7430 997 146 54
1974 7501 964 146 54
2065 7595 946 146 54
2153 7681 935 146 54
2218 7743 941 146 54
2267 7790 949 146 54
2318 7823 967 145 54
2342 7835 985 145 54
2348 7835 979 145 54
2348 7821 1023 145 54
2353 7786 1023 146 53
2353 7736 1023 146 53
2353 7686 1023 146 53
2358 7650 1023 145 54
2373 7624 1023 145 54
2390 7604 1023 145 54
2413 7590 1023 145 54
2437 7581 1023 143 53
2461 7581 887 143 53
2500 7581 544 145 54
2500 7581 0 145 54
2566 7597 0 145 54
2589 7607 0 146 54
2617 7621 0 147 55
2617 7621 466 147 55
2681 7644 736 150 54
2692 7644 956 150 54
2692 7644 1023 150 54
2692 7638 1023 150 54
2692 7638 1023 150 54
2692 7633 1023 148 54
2692 7633 1023 148 54
2692 7633 1023 148 54
2686 7633 1023 147 53
2686 7633 1023 147 53
2686 7633 445 147 53
