1346 8226 32 169 57
1365 8276 182 171 57
1374 8298 254 171 57
1374 8319 366 171 57
1374 8334 450 173 56
1374 8345 509 174 56
1379 8345 527 174 56
1379 8345 543 176 56
1379 8345 567 176 55
1379 8313 603 177 55
1379 8270 650 177 55
1386 8201 666 177 55
1395 8109 702 177 56
1403 8003 714 177 56
1413 7892 725 177 57
1422 7802 733 177 57
1431 7725 724 175 58
1431 7660 727 175 58
1431 7610 733 175 59
1440 7571 731 175 59
1446 7541 716 175 59
1446 7531 710 175 59
1446 7531 703 173 59
1446 7539 644 173 59
1425 7570 577 173 59
1395 7618 529 172 59
1343 7665 455 172 59
1279 7700 391 170 59
1206 7728 381 168 58
1117 7747 400 167 58
1028 7753 425 165 59
957 7753 473 165 59
898 7746 521 163 59
843 7740 536 163 59
814 7731 568 163 59
803 7731 572 163 59
803 7731 580 161 60
811 7725 581 161 60
842 7717 584 159 59
890 7707 588 157 59
970 7699 595 156 59
1082 7693 589 154 58
1214 7693 594 153 58
1364 7711 603 153 58
1535 7734 610 153 58
1720 7762 636 155 58
1886 7788 650 157 58
2013 7813 659 159 57
2114 7822 665 161 57
2177 7827 664 163 57
2196 7827 655 165 56
2185 7827 655 167 55
2166 7821 644 168 55
2093 7821 636 168 55
1984 7815 622 169 54
1853 7809 644 170 55
1709 7799 650 170 56
1556 7792 661 170 56
1422 7792 667 170 56
1322 7792 671 168 56
1245 7800 667 166 56
1195 7811 673 165 56
1170 7818 667 163 57
1161 7825 666 160 56
1167 7831 673 158 56
1187 7838 662 157 56
1215 7846 663 157 56
1265 7854 673 157 56
1330 7862 663 157 56
1405 7874 665 157 56
1495 7890 665 159 55
1564 7908 662 160 55
1618 7920 659 162 56
1631 7920 650 164 55
1631 7920 646 165 55
1616 7920 645 167 55
1579 7920 591 167 54
1515 7913 546 169 54
1432 7905 540 169 54
1373 7905 564 169 54
1316 7900 575 169 54
1277 7900 589 167 54
1248 7900 603 166 54
1248 7900 609 165 55
1248 7900 611 164 55
1270 7908 605 163 55
1303 7913 606 161 55
1354 7923 591 161 55
1409 7936 595 161 55
1458 7950 595 161 55
1502 7964 594 163 55
1529 7979 597 163 56
1534 7985 595 166 56
1524 7991 599 167 57
1493 7991 591 169 58
1442 7996 592 170 58
1377 7990 594 170 59
1338 7990 610 170 59
1304 7984 627 168 58
1291 7984 639 167 58
1291 7992 625 167 58
1303 7998 606 165 58
1337 8011 594 164 58
1386 8022 564 164 58
1443 8048 546 164 58
1505 8086 497 164 58
1588 8137 473 164 58
1684 8194 461 166 57
1757 8254 460 167 57
1801 8319 463 169 57
1826 8392 467 171 57
1826 8471 512 172 57
1818 8556 538 174 56
1794 8621 569 174 56
1768 8673 603 176 56
1747 8691 630 176 56
1739 8691 639 176 56
1729 8681 650 177 56
1718 8651 687 177 56
1718 8571 713 177 56
1724 8457 757 177 56
1724 8310 770 177 56
1724 8159 790 177 56
1717 8000 818 176 56
1717 7869 823 175 57
1726 7758 826 174 57
1726 7677 832 172 57
1732 7618 818 170 58
1732 7574 797 170 58
1742 7552 771 168 58
1749 7545 708 167 58
1756 7545 520 167 58
1756 7545 0 167 58
1793 7618 0 167 58
1808 7684 0 168 58
1813 7729 0 168 58
1813 7768 0 170 59
1822 7795 0 172 58
1832 7813 0 174 58
1843 7827 0 174 58
1856 7841 0 174 57
1869 7856 0 174 57
1886 7869 0 174 57
1904 7880 0 174 56
1904 7880 48 174 56
1936 7892 158 176 56
1947 7892 226 176 56
1954 7886 327 176 56
1954 7868 394 176 56
1954 7841 453 176 56
1939 7813 473 176 56
1919 7792 491 175 57
1893 7775 492 175 57
1879 7768 504 175 57
1866 7773 507 175 58
1856 7786 501 175 58
1848 7803 501 175 58
1848 7827 522 175 58
1848 7855 537 175 58
1855 7878 564 175 58
1868 7896 577 177 58
1877 7910 580 177 57
1884 7910 581 177 57
1896 7902 584 177 57
1909 7888 592 177 56
1916 7868 588 177 56
1916 7846 595 177 56
1922 7821 595 177 56
1922 7803 591 177 56
1927 7789 585 177 57
1927 7781 586 175 57
1938 7781 588 175 57
1955 7795 606 175 57
1981 7821 603 175 57
2009 7863 589 175 57
2038 7917 580 175 57
2057 7995 536 174 57
2070 8097 501 174 57
2070 8214 472 174 57
2065 8344 473 174 56
2048 8451 486 174 56
2043 8542 512 174 56
2038 8577 522 174 55
2038 8582 521 176 55
2038 8568 551 176 55
2048 8535 570 176 55
2055 8475 603 176 55
2062 8397 631 176 55
2062 8283 641 176 55
2062 8165 670 176 55
2062 8033 664 176 56
2053 7894 675 176 56
2042 7801 676 174 56
2054 7736 679 174 57
2069 7690 678 174 57
2091 7665 688 172 58
2114 7656 699 172 58
2137 7656 696 172 59
2166 7692 671 170 59
2200 7758 638 170 59
2208 7846 602 170 59
2208 7925 614 170 59
2203 7963 610 170 58
2203 7974 617 172 58
2203 7951 617 172 58
2208 7909 641 172 58
2215 7854 636 172 58
2215 7803 636 172 57
2220 7770 643 172 58
2220 7750 655 172 58
2228 7740 667 170 58
2228 7740 694 170 58
2233 7752 693 170 58
2240 7777 673 170 58
2253 7814 662 169 58
2272 7859 630 170 58
2287 7892 611 170 58
2301 7903 594 171 57
2329 7903 586 171 57
2357 7886 585 171 56
2384 7875 594 173 56
2411 7867 589 173 56
2426 7857 580 173 55
2431 7857 570 173 55
2436 7857 536 171 55
2446 7852 502 171 55
2456 7852 486 171 55
2464 7844 472 171 56
2478 7838 468 171 56
2497 7833 475 171 56
2525 7826 488 171 56
2557 7821 491 173 56
2598 7821 499 173 56
2649 7834 514 174 56
2705 7845 517 174 56
2764 7857 512 174 56
2812 7871 518 176 56
2853 7880 545 176 55
2875 7880 564 176 55
2891 7880 584 177 55
2902 7870 591 177 55
2914 7863 589 177 54
2914 7856 586 177 54
2914 7856 586 177 54
2914 7856 585 177 54
2921 7856 597 177 54
2934 7863 614 177 54
2965 7874 610 177 54
3007 7896 619 176 54
3050 7937 617 176 54
3097 7990 611 176 54
3151 8055 616 176 54
3212 8144 585 176 54
3248 8248 578 177 54
3266 8353 586 177 54
3257 8453 592 177 54
3249 8526 616 179 54
3238 8582 634 179 54
3223 8608 647 179 54
3216 8608 641 179 54
3216 8599 671 179 53
3216 8544 700 180 53
3228 8453 733 180 53
3237 8339 779 180 53
3231 8211 794 180 53
3216 8077 827 180 53
3191 7932 846 179 53
3174 7811 851 179 54
3166 7707 854 177 54
3160 7623 854 176 54
3170 7567 855 176 55
3181 7529 851 174 55
3193 7513 839 173 56
3204 7513 824 171 56
3217 7532 785 171 56
3251 7572 733 170 56
3298 7611 693 170 56
3350 7649 650 170 56
3425 7683 646 168 55
3514 7710 646 168 55
3609 7734 647 168 55
3713 7757 653 170 56
3823 7776 664 170 56
3896 7790 669 171 56
3926 7790 672 173 55
3926 7782 679 174 55
3915 7767 717 176 55
3845 7741 758 176 55
3736 7707 800 177 54
3542 7683 888 176 55
3282 7659 950 176 55
2977 7623 980 174 55
2692 7580 982 173 56
2463 7541 970 171 56
2272 7513 973 171 56
2168 7493 973 169 57
2112 7493 983 169 57
2089 7493 995 168 56
2077 7502 997 168 56
2077 7502 1002 167 57
2077 7502 996 167 57
2077 7502 995 167 57
2084 7507 958 166 57
2089 7507 933 166 57
2112 7507 920 166 57
2147 7507 903 166 57
2180 7507 900 166 57
2217 7513 869 166 57
2256 7521 863 166 57
2294 7537 846 167 57
2312 7551 837 167 57
2338 7564 832 167 57
2370 7584 806 169 57
2397 7609 796 169 57
2416 7632 788 169 57
2430 7651 783 169 57
2445 7668 783 169 57
2450 7668 787 170 58
2450 7668 796 170 58
2450 7650 805 170 58
2450 7624 809 170 58
2443 7595 820 170 58
2443 7564 824 170 58
2443 7542 832 170 58
2443 7526 817 170 58
2448 7520 821 170 58
2455 7520 830 169 58
2463 7520 824 169 58
2492 7536 832 169 57
2533 7558 829 171 57
2564 7583 823 171 57
2579 7597 817 171 57
2584 7597 811 172 57
2584 7597 809 174 57
2584 7584 812 175 57
2584 7570 799 175 57
2584 7555 784 177 57
2584 7544 731 177 57
2584 7530 640 177 57
2584 7519 502 177 57
2584 7510 244 177 57
