1587 8558 250 289 52
1587 8558 443 289 52
1593 8512 512 288 53
1593 8453 622 288 54
1593 8380 700 287 54
1593 8290 722 287 54
1588 8200 748 286 55
1588 8109 758 286 55
1579 8035 754 287 56
1579 7964 725 287 57
1573 7898 710 286 57
1573 7854 664 286 58
1566 7826 539 285 58
1566 7826 284 285 58
1566 7826 8 283 58
1566 7826 0 282 58
1566 7878 0 282 58
1574 7930 0 282 58
1569 7986 0 283 58
1559 8051 0 285 58
1540 8118 0 286 57
1519 8182 0 287 57
1499 8234 0 288 56
1477 8279 0 291 55
1455 8310 0 292 55
1435 8333 0 292 54
1417 8352 0 293 54
1397 8377 0 293 54
1380 8403 0 291 53
1366 8431 0 291 53
1358 8461 0 292 54
1358 8461 212 290 54
1363 8513 257 290 55
1376 8534 285 290 55
1395 8564 304 289 57
1417 8590 314 289 57
1450 8614 329 288 58
1490 8633 341 287 59
1535 8647 374 287 59
1591 8657 399 285 59
1667 8657 399 285 59
1755 8645 392 285 59
1850 8633 396 286 60
1944 8614 399 287 61
2035 8586 398 287 61
2106 8551 399 285 62
2164 8499 420 285 62
2187 8448 420 285 62
2187 8389 417 285 62
2163 8324 418 285 62
2118 8267 422 285 62
2052 8211 423 285 62
1971 8161 422 285 62
1876 8116 449 285 62
1768 8069 475 285 62
1651 8017 512 285 62
1553 7961 561 288 63
1475 7899 578 288 63
1409 7832 614 286 63
1369 7783 658 287 64
1355 7735 699 288 65
1355 7696 730 288 66
1378 7662 760 289 67
1419 7634 762 287 67
1473 7610 767 288 68
1531 7593 751 288 68
1593 7593 714 288 68
1657 7593 647 288 68
1724 7607 505 290 68
1776 7622 212 289 67
1776 7622 0 289 67
1843 7673 0 290 66
1865 7704 0 290 65
1880 7733 0 290 65
1892 7772 0 290 65
1906 7829 0 289 64
1906 7898 0 289 64
1894 7957 0 289 64
1882 7998 0 291 64
1874 8028 0 293 63
1868 8049 0 293 63
1868 8049 171 295 63
1868 8049 202 295 63
1868 8049 260 295 63
1833 8053 304 295 63
1819 8046 361 295 63
1809 8033 415 295 63
1799 8016 460 293 63
1793 7994 492 293 63
1793 7967 512 293 63
1801 7936 536 294 64
1827 7910 551 294 64
1861 7891 551 294 64
1915 7884 563 294 64
1967 7884 560 294 64
2017 7895 570 294 64
2066 7915 581 294 64
2099 7943 584 294 64
2121 7972 588 293 63
2128 8001 591 293 63
2114 8030 594 293 63
2087 8059 614 290 63
2048 8085 613 290 63
1999 8113 611 290 63
1943 8130 616 290 63
1890 8140 585 290 63
1843 8133 530 291 64
1801 8118 388 291 64
1776 8098 103 291 64
1776 8098 0 294 64
1782 8054 0 294 64
1819 8042 0 294 64
1870 8042 0 294 64
1930 8042 0 296 64
1996 8042 0 296 64
2073 8054 0 297 63
2156 8068 0 296 63
2265 8086 0 297 61
2386 8117 0 296 60
2514 8156 0 296 60
2628 8192 0 296 60
2628 8192 117 295 60
2814 8266 182 293 60
2867 8292 193 293 60
2880 8312 237 292 60
2865 8339 277 293 61
2827 8366 294 291 61
2767 8394 305 291 61
2693 8410 317 291 61
2618 8418 319 291 61
2542 8418 325 291 61
2479 8394 329 291 61
2412 8364 337 291 61
2334 8324 339 291 61
2283 8287 373 291 61
2250 8252 397 290 60
2228 8224 440 288 61
2217 8203 477 288 61
2217 8188 485 288 61
2230 8173 496 288 61
2252 8158 492 288 61
2293 8150 502 288 61
2346 8142 509 288 61
2397 8133 509 289 62
2457 8115 507 287 62
2524 8099 502 287 62
2589 8073 499 287 62
2648 8040 502 287 62
2680 7999 502 287 62
2697 7959 499 287 62
2688 7909 497 285 62
2661 7853 501 285 62
2621 7806 504 285 62
2562 7776 519 285 62
2499 7758 537 285 62
2422 7758 567 285 62
2335 7777 581 285 62
2265 7809 584 285 61
2211 7840 563 285 61
2167 7873 496 285 61
2151 7908 368 285 61
2173 7943 48 284 60
2173 7943 0 284 60
2308 7998 0 284 60
2404 7998 0 284 60
2507 8003 0 284 60
2557 8003 0 286 60
2602 8014 0 288 60
2640 8024 0 288 60
2664 8035 0 288 60
2678 8047 0 289 60
2678 8047 225 289 60
2678 8047 294 289 60
2704 8048 392 288 61
2709 8036 488 288 61
2709 8021 546 288 61
2709 7998 603 287 61
2714 7973 644 287 61
2727 7948 662 285 61
2749 7924 663 285 61
2776 7901 676 285 61
2814 7883 678 285 61
2858 7876 679 285 61
2899 7876 675 285 61
2935 7889 671 285 61
2964 7906 649 285 61
2983 7932 627 285 61
2991 7960 603 285 61
2991 7989 585 283 61
2978 8020 581 283 61
2958 8052 567 283 61
2932 8080 565 283 61
2898 8099 565 283 61
2855 8111 564 283 61
2809 8111 570 283 61
2764 8089 591 285 61
2727 8059 606 285 61
2695 8015 634 285 61
2695 7962 647 285 61
2705 7904 653 285 61
2730 7852 670 285 62
2765 7800 672 285 62
2817 7765 687 285 62
2881 7741 693 285 62
2937 7730 702 285 62
2981 7730 688 285 62
3016 7748 673 285 62
3055 7771 666 285 62
3078 7794 658 285 62
3089 7834 643 285 62
3089 7886 627 285 62
3089 7936 617 285 62
3089 7986 605 285 62
3080 8024 605 285 61
3073 8054 603 283 61
3066 8067 606 283 61
3066 8067 614 282 60
3066 8050 634 282 60
3055 8016 653 282 60
3048 7967 666 282 60
3056 7909 675 282 60
3074 7853 697 282 60
3089 7803 702 282 60
3103 7771 688 282 60
3128 7749 665 282 60
3159 7737 605 282 60
3191 7730 455 282 60
3220 7750 180 282 60
3220 7750 0 282 60
3269 7848 0 284 60
3295 7912 0 284 60
3324 7985 0 284 60
3353 8061 0 284 59
3380 8153 0 284 59
3387 8256 0 283 58
3380 8359 0 285 58
3365 8459 0 285 58
3365 8459 10 286 57
3346 8570 58 286 57
3346 8570 171 286 58
3353 8565 282 288 58
3358 8548 363 288 58
3363 8510 440 289 59
3370 8447 494 287 59
3382 8367 551 287 59
3397 8268 577 287 59
3410 8170 586 285 58
3420 8073 589 283 58
3425 7987 580 283 58
3425 7907 557 282 58
3430 7853 474 280 59
3430 7816 317 280 59
3430 7816 63 280 59
3430 7816 0 280 60
3438 7854 0 280 60
3454 7907 0 280 60
3489 7958 0 280 60
3522 8009 0 282 58
3549 8061 0 282 58
3560 8102 0 282 58
3560 8137 0 283 57
3560 8137 170 283 57
3521 8170 220 283 57
3497 8170 279 284 57
3467 8170 381 283 57
3411 8170 413 283 57
3342 8170 431 283 57
3263 8164 438 281 58
3198 8152 438 281 58
3141 8140 418 281 58
3102 8122 366 281 58
3086 8100 237 280 58
3086 8075 1 280 58
3086 8075 0 280 58
3173 8032 0 280 58
3243 8015 0 280 58
3308 8003 0 281 58
3369 8003 0 281 58
3423 8003 0 281 58
3465 8011 0 281 58
3499 8024 0 281 58
3499 8024 12 281 58
3528 8053 68 281 58
3534 8059 132 280 58
3534 8059 215 280 58
3524 8064 254 280 58
3506 8064 307 280 58
3477 8054 367 278 58
3450 8037 423 278 58
3425 8009 448 278 58
3406 7972 474 278 58
3406 7930 483 278 58
3406 7887 522 278 58
3431 7848 543 278 58
3466 7816 537 278 59
3508 7798 568 278 59
3571 7789 561 278 59
3633 7799 572 279 60
3694 7827 581 280 60
3736 7867 591 280 60
3766 7909 597 280 60
3766 7946 600 279 60
3745 7981 605 279 60
3711 8019 605 279 60
3659 8046 599 277 60
3588 8067 592 277 59
3503 8074 556 277 59
3418 8069 502 277 59
3347 8056 397 277 59
3284 8017 182 277 59
3284 8017 0 277 59
3241 7909 0 278 59
3254 7843 0 278 59
3298 7781 0 278 58
3363 7727 0 278 58
3443 7693 0 280 58
3530 7671 0 280 58
3608 7660 0 280 58
3681 7665 0 282 58
3681 7665 253 282 58
3710 7694 299 282 58
3704 7694 304 284 59
3678 7682 371 284 59
3610 7674 448 284 59
3515 7667 536 284 60
3359 7660 622 284 60
3161 7651 684 284 60
2934 7640 730 285 61
2695 7619 790 285 61
2494 7594 827 285 61
2319 7575 852 285 61
2167 7562 855 285 61
2050 7562 864 287 62
1955 7568 870 287 62
1899 7574 864 287 62
1881 7574 861 287 62
1889 7574 848 287 62
1889 7580 800 288 63
1910 7585 731 288 63
1935 7590 588 288 63
1985 7600 366 288 63
2037 7609 155 288 63
2037 7609 0 288 63
2144 7602 0 288 63
2203 7597 0 289 62
2265 7592 0 289 62
2348 7581 0 288 61
2428 7568 0 288 61
2500 7560 0 288 60
2565 7552 0 288 60
2606 7546 0 288 60
2632 7546 0 287 59
2646 7554 0 287 59
2663 7565 0 287 59
2683 7586 0 286 58
2683 7616 0 286 58
2677 7654 0 286 58
2677 7654 151 287 59
2671 7722 299 285 59
2682 7737 332 285 59
2682 7728 420 286 60
2682 7713 480 286 60
2682 7693 515 287 61
2682 7661 553 287 61
2682 7632 583 287 61
2682 7607 586 287 61
2687 7580 588 287 61
2695 7551 583 287 61
2705 7531 560 287 61
2719 7524 545 287 61
2735 7524 529 287 62
2748 7539 505 287 62
2771 7558 486 287 62
2800 7588 473 288 63
2819 7626 475 288 63
2833 7668 486 288 63
2838 7705 514 288 63
2838 7740 553 289 64
2838 7752 610 289 64
2838 7752 685 289 64
2833 7738 752 287 64
2833 7719 777 287 64
2833 7676 783 287 64
2833 7617 797 287 64
2833 7579 794 287 64
2846 7545 768 287 64
2853 7526 653 287 64
2863 7517 386 287 64
