1552 8364 141 173 54
1406 8329 207 172 54
1323 8329 249 170 55
1290 8335 311 170 55
1297 8335 366 169 54
1331 8329 415 167 54
1460 8329 423 167 54
1718 8322 407 167 54
2061 8317 384 169 54
2414 8306 364 169 54
2742 8285 329 170 55
2937 8227 304 172 54
3051 8148 311 175 54
3033 8069 327 176 54
2909 7985 334 177 53
2714 7886 364 179 54
2450 7779 418 179 54
2165 7685 467 177 54
1866 7589 510 176 55
1552 7493 535 174 56
1382 7415 529 171 56
1307 7394 515 168 56
1342 7411 501 166 56
1436 7498 492 163 57
1568 7635 497 161 57
1728 7806 472 161 57
1871 8001 402 161 57
2002 8223 364 161 57
2073 8463 387 163 56
2104 8636 386 166 56
2104 8695 371 168 55
2095 8679 369 171 56
2054 8646 367 173 56
1993 8567 367 173 55
1944 8457 369 174 55
1895 8311 367 174 55
1836 8136 366 174 55
1769 7943 369 174 55
1705 7776 325 173 56
1665 7659 222 171 56
1642 7576 3 169 57
1642 7576 0 168 56
1687 7554 0 166 57
1739 7612 0 164 57
1819 7719 0 164 57
1920 7855 0 163 57
2035 8011 0 163 56
2121 8201 0 162 56
2188 8358 0 163 55
2241 8492 0 164 55
2280 8565 0 164 54
2295 8593 0 164 54
2295 8593 108 166 53
2266 8586 124 166 53
2255 8575 149 168 53
2255 8534 193 168 53
2240 8475 223 168 53
2220 8414 247 168 53
2196 8350 257 168 53
2187 8303 260 168 53
2187 8268 265 168 53
2187 8252 264 166 53
2194 8252 267 166 53
2194 8261 250 165 53
2226 8293 244 165 53
2254 8343 211 165 53
2283 8404 214 164 53
2303 8460 216 164 53
2317 8515 223 164 53
2333 8545 230 164 53
2339 8558 239 164 53
2339 8551 246 164 53
2332 8539 254 165 53
2332 8508 256 165 53
2321 8466 247 165 53
2311 8421 249 165 53
2311 8377 249 164 53
2320 8349 249 164 53
2329 8330 259 164 53
2338 8330 270 164 53
2354 8346 265 162 53
2375 8374 241 162 53
2398 8415 237 162 53
2419 8456 222 162 53
2441 8492 218 162 53
2455 8521 220 162 53
2463 8530 214 164 53
2463 8530 226 164 53
2463 8523 239 164 53
2456 8516 254 164 53
2448 8495 244 164 53
2436 8466 247 164 53
2422 8432 247 164 53
2422 8398 240 164 53
2416 8363 108 164 53
2416 8363 0 164 53
2424 8323 0 162 53
2441 8330 0 162 53
2464 8349 0 162 53
2491 8375 0 162 53
2510 8396 0 162 53
2525 8415 0 162 53
2535 8428 0 163 52
2535 8428 93 163 52
2535 8428 93 163 52
2535 8428 132 163 52
2535 8428 167 163 52
2535 8428 175 163 52
2535 8393 193 163 52
2540 8365 208 163 52
2540 8350 220 163 52
2540 8345 207 163 52
2540 8345 237 163 52
2540 8345 253 163 52
2540 8352 253 163 52
2540 8366 254 163 52
2540 8379 247 163 52
2540 8395 235 163 52
2549 8413 233 163 52
2561 8421 228 163 52
2579 8428 213 163 52
2600 8433 151 163 52
2619 8433 75 163 52
2628 8433 56 164 52
2628 8426 53 165 51
2639 8413 54 165 51
2639 8397 58 165 51
2639 8379 58 164 52
2632 8361 53 164 52
2632 8345 5 164 52
2632 8345 0 164 52
2637 8322 0 164 52
2644 8322 0 164 52
2653 8322 0 164 52
2664 8322 0 164 52
2682 8333 0 164 52
2704 8341 0 166 52
2727 8355 0 166 52
2752 8368 0 166 52
2767 8380 0 167 52
2776 8390 0 167 52
2776 8395 0 168 52
2776 8395 12 169 51
2776 8395 60 169 51
2776 8395 112 169 51
2776 8395 151 169 51
2747 8378 182 169 51
2729 8362 178 169 51
2712 8343 185 168 52
2699 8328 181 168 52
2691 8314 183 168 52
2691 8301 184 168 52
2691 8292 156 167 52
2699 8286 131 167 52
2710 8286 95 167 52
2729 8293 104 166 52
2745 8306 106 166 52
2758 8325 90 166 52
2764 8344 90 167 52
2771 8359 96 167 52
2771 8369 113 167 52
2764 8369 129 167 52
2764 8369 149 167 52
2757 8369 158 167 52
2750 8351 165 167 51
2741 8331 182 167 51
2741 8310 187 167 51
2736 8287 182 167 51
2736 8268 137 167 51
2747 8257 71 167 51
2747 8257 0 167 52
2770 8256 0 167 52
2785 8271 0 167 52
2799 8294 0 167 52
2810 8318 0 168 52
2821 8341 0 169 51
2834 8362 0 169 51
2844 8378 0 170 52
2853 8386 0 170 52
2853 8371 0 170 52
2853 8371 27 170 52
2832 8330 58 170 52
2827 8316 142 170 52
2827 8297 175 170 52
2821 8278 175 170 52
2821 8260 203 170 52
2821 8250 223 170 52
2821 8250 252 170 52
2821 8250 272 170 52
2821 8268 270 170 52
2832 8297 274 170 52
2845 8323 274 170 52
2858 8347 275 170 52
2873 8365 277 171 52
2889 8372 277 171 52
2904 8372 280 171 52
2919 8359 265 171 52
2924 8341 209 171 52
2924 8310 58 171 52
2924 8310 0 171 52
2883 8237 0 171 52
2845 8212 0 171 52
2809 8193 0 171 53
2751 8176 0 171 53
2679 8158 0 169 53
2597 8133 0 169 53
2511 8103 0 168 53
2423 8063 0 166 54
2329 8018 0 164 55
2236 7963 0 164 55
2144 7904 0 163 55
2052 7856 0 160 55
1992 7823 0 159 55
1953 7801 0 159 55
1953 7783 0 159 55
1953 7790 0 158 54
1953 7815 0 158 54
1953 7815 143 160 54
1947 7871 209 160 53
1947 7905 257 160 53
1954 7935 317 162 54
1954 7944 339 162 54
1954 7938 334 163 54
1954 7933 349 163 54
1954 7899 354 163 54
1954 7846 363 164 53
1954 7789 363 163 54
1949 7737 345 163 54
1940 7689 291 163 54
1946 7649 171 163 54
1946 7625 1 163 55
1946 7625 0 163 55
1938 7622 0 163 55
1938 7652 0 163 55
1938 7694 0 161 55
1949 7741 0 161 55
1957 7795 0 161 55
1964 7853 0 161 55
1976 7894 0 161 55
1984 7910 0 160 53
1984 7910 143 160 53
1984 7910 160 162 54
1984 7910 186 162 53
1984 7877 202 162 53
1990 7850 209 162 53
1997 7815 218 162 53
2004 7775 218 162 53
2010 7737 156 162 54
2010 7737 0 162 54
2004 7681 0 161 55
1991 7673 0 161 55
1978 7673 0 161 55
1966 7690 0 161 55
1958 7703 0 161 55
1951 7714 0 161 55
1946 7720 0 161 55
1946 7720 46 160 54
1946 7720 131 161 55
1946 7720 186 161 55
1946 7720 191 160 55
1946 7720 190 160 55
1967 7752 137 160 55
1967 7752 0 160 55
2035 7762 0 160 55
2069 7770 0 160 55
2092 7781 0 160 55
2108 7786 0 160 55
2127 7791 0 160 55
2135 7791 0 161 55
2135 7784 0 160 54
2128 7775 0 160 54
2128 7775 99 160 54
2128 7775 98 160 54
2128 7775 142 160 54
2113 7745 158 159 55
2123 7740 168 159 55
2142 7740 168 159 55
2168 7745 168 159 55
2186 7753 163 159 55
2194 7764 160 159 55
2194 7777 161 159 55
2194 7796 160 159 55
2182 7812 163 159 55
2162 7823 168 160 54
2141 7823 175 160 54
2123 7816 182 160 54
2108 7798 184 160 53
2089 7772 187 160 53
2083 7746 186 160 53
2088 7722 180 160 54
2103 7708 184 160 54
2122 7699 170 160 54
2146 7699 191 160 54
2173 7711 195 160 54
2196 7727 188 159 55
2211 7745 180 158 55
2223 7764 184 158 55
2235 7784 173 158 55
2240 7807 163 158 54
2240 7829 95 158 54
2240 7845 86 158 54
2247 7859 63 158 54
2253 7866 20 158 54
2261 7866 22 159 53
2269 7871 30 159 53
2280 7871 58 159 53
2293 7871 68 160 52
2293 7865 108 160 52
2293 7851 130 160 52
2299 7831 137 158 52
2294 7807 158 158 52
2283 7782 177 158 53
2283 7766 173 158 53
2278 7755 202 158 53
2278 7755 219 157 54
2278 7760 235 157 54
2271 7768 249 157 54
2271 7780 250 157 54
2271 7798 249 157 54
2281 7821 250 157 54
2292 7837 249 157 54
2305 7851 257 157 54
2317 7860 257 157 54
2329 7860 255 158 53
2339 7860 249 158 53
2348 7842 249 158 53
2358 7820 190 158 52
2364 7799 48 160 52
2364 7799 0 159 53
2379 7774 0 159 53
2394 7774 0 159 53
2413 7788 0 159 53
2433 7805 0 159 53
2454 7825 0 159 53
2471 7844 0 159 53
2486 7863 0 159 53
2486 7881 0 160 53
2486 7894 0 160 53
2486 7894 50 161 52
2486 7894 91 161 52
2455 7915 103 160 52
2442 7903 148 160 51
2427 7883 161 160 51
2412 7865 163 160 51
2402 7848 177 160 51
2395 7827 184 160 52
2395 7812 184 160 52
2395 7801 186 160 52
2402 7801 170 159 53
2415 7801 179 159 53
2433 7814 170 159 53
2451 7831 141 158 53
2463 7851 142 158 53
2471 7872 137 158 53
2471 7887 136 158 53
2478 7902 142 158 52
2478 7913 143 158 52
2478 7913 151 158 52
2478 7913 161 159 51
2478 7898 158 159 51
2471 7878 155 159 51
2471 7856 139 159 51
2471 7830 65 159 51
2471 7830 0 158 52
2478 7802 0 158 52
2478 7802 0 158 52
2487 7823 0 159 53
2502 7851 0 159 53
2513 7882 0 159 53
2521 7911 0 159 53
2529 7937 0 160 52
2535 7957 0 160 52
2540 7968 0 160 52
2540 7975 0 160 52
2540 7975 29 160 52
2533 7940 37 160 52
2533 7922 70 160 52
2533 7905 127 160 52
2533 7888 142 160 52
2533 7873 144 160 52
2528 7867 143 160 52
2528 7867 170 160 52
2528 7867 187 160 52
2528 7873 175 159 51
2528 7884 180 159 51
2528 7896 175 159 51
2528 7915 175 160 51
2537 7932 170 160 51
2543 7943 187 160 51
2550 7943 170 160 51
2558 7943 170 160 51
2567 7934 76 161 50
2567 7934 0 162 51
2587 7913 0 162 51
2596 7907 0 162 51
2605 7900 0 162 51
2622 7900 0 162 51
2640 7900 0 162 51
2657 7916 0 164 51
2672 7927 0 164 51
2685 7942 0 163 52
2685 7961 0 163 52
2685 7978 0 163 52
2677 7994 0 163 52
2677 7994 22 162 53
2647 8012 41 162 53
2634 8012 49 162 53
2616 8002 68 162 54
2599 7991 95 162 54
2585 7979 115 160 53
2574 7962 142 160 53
2566 7939 131 160 53
2566 7913 137 160 53
2578 7896 134 160 53
2595 7890 136 160 52
2618 7890 137 160 52
2644 7904 141 161 52
2671 7922 132 162 52
2685 7945 137 162 52
2691 7979 149 162 52
2691 8010 151 162 52
2691 8038 158 161 52
2680 8067 160 161 52
2669 8097 167 161 52
2659 8127 173 161 52
2653 8149 184 161 52
2648 8156 173 161 52
2648 8156 173 161 52
2639 8137 178 160 52
2639 8106 185 160 52
2631 8065 190 160 52
2636 8021 191 160 52
2644 7978 193 160 52
2658 7935 184 160 52
2674 7911 103 160 52
2674 7911 0 160 52
2706 7893 0 160 52
2723 7907 0 160 52
2741 7935 0 160 52
2759 7953 0 162 52
2772 7981 0 162 52
2782 8017 0 162 52
2782 8038 0 162 53
2777 8052 0 162 53
2772 8052 0 164 53
2772 8052 91 163 54
2772 8052 144 163 54
2772 8052 165 163 54
2772 8052 173 163 54
2772 8052 173 163 54
2804 8052 178 164 53
2825 8059 180 165 53
2837 8059 173 165 53
2844 8070 182 165 53
2844 8080 160 166 53
2844 8091 161 166 53
2830 8091 177 166 53
2817 8091 177 166 53
2798 8079 178 166 53
2774 8065 186 166 53
2758 8044 198 166 53
2746 8020 213 166 53
2741 7996 222 165 53
2741 7974 212 165 53
2754 7953 212 164 53
2771 7938 98 164 53
2771 7938 0 164 53
2818 7938 0 162 53
2839 7962 0 164 53
2858 7986 0 164 53
2875 8011 0 164 53
2891 8031 0 165 53
2898 8051 0 165 53
2898 8066 0 165 53
2886 8077 0 166 53
2886 8077 100 166 54
2886 8077 131 166 54
2872 8113 188 166 54
2879 8130 213 166 53
2892 8143 223 168 53
2912 8148 242 168 53
2928 8148 249 168 53
2940 8140 259 168 53
2948 8124 260 168 52
2948 8106 262 168 52
2948 8088 265 168 52
2938 8062 267 168 52
2924 8038 272 168 52
2909 8013 277 168 52
2894 7995 277 168 53
2883 7983 277 168 53
2883 7978 277 168 53
2883 7978 274 167 54
2883 7978 270 167 54
2889 7978 274 167 54
2915 7989 272 167 54
2955 8004 269 167 54
2999 8024 244 167 54
3025 8037 107 167 54
3025 8037 0 166 54
3018 8037 0 166 54
2975 8037 0 166 53
2916 8037 0 166 53
2854 8037 0 166 53
2774 8037 0 165 53
2681 8046 0 164 54
2582 8046 0 164 54
2487 8046 0 163 54
2414 8046 0 163 55
2353 8034 0 161 55
2307 8026 0 159 55
2279 8026 0 158 55
2263 8026 0 157 56
2254 8018 0 155 55
2259 8018 0 155 55
2274 8012 0 155 55
2299 8007 0 154 55
2299 8007 307 154 55
2333 8025 397 154 55
2364 8085 441 155 54
2386 8118 436 155 54
2403 8148 65 156 53
