1917 8018 249 167 50
1948 8110 363 167 51
1955 8150 477 167 51
1955 8163 497 168 52
1955 8163 512 168 52
1967 8148 565 168 52
1979 8102 570 169 53
2013 8033 595 169 53
2052 7938 620 169 53
2099 7856 638 169 53
2147 7782 637 171 53
2181 7719 661 171 53
2206 7673 652 171 53
2224 7639 658 171 53
2235 7619 662 171 53
2241 7612 662 171 53
2241 7612 668 171 53
2221 7639 639 169 53
2193 7683 622 169 53
2135 7739 577 170 54
2045 7792 540 170 54
1933 7839 521 171 53
1805 7844 513 171 53
1688 7822 516 171 53
1577 7789 515 171 53
1540 7760 518 171 52
1532 7740 521 170 52
1542 7726 546 168 52
1586 7717 559 167 52
1711 7730 570 167 52
1889 7759 616 166 52
2102 7806 647 167 52
2320 7857 644 167 52
2541 7911 647 167 52
2748 7958 609 168 52
2895 8006 565 169 53
3003 8035 489 172 52
3050 8052 309 174 52
3050 8052 0 174 52
3033 8064 0 175 51
2957 8070 0 176 52
2835 8083 0 176 52
2682 8099 0 176 52
2483 8108 0 176 52
2286 8119 0 175 52
2091 8131 0 173 53
1934 8144 0 173 53
1803 8158 0 172 53
1704 8158 0 171 53
1612 8158 0 169 53
1531 8149 0 168 52
1479 8136 0 167 52
1445 8123 0 167 52
1445 8123 63 166 52
1489 8123 139 166 52
1533 8137 291 166 52
1628 8160 474 164 52
1768 8187 591 164 52
1939 8229 646 164 52
2133 8271 690 164 52
2309 8309 714 166 51
2472 8345 727 166 51
2612 8379 730 167 50
2722 8415 699 168 50
2813 8433 580 169 50
2852 8440 339 169 50
2831 8428 20 170 50
2831 8428 0 172 50
2628 8348 0 172 50
2449 8293 0 172 50
2247 8238 0 172 50
2122 8182 0 171 51
2041 8143 0 171 51
1988 8115 0 170 51
1936 8076 0 170 52
1936 8076 53 170 52
1892 8022 75 170 52
1886 8012 156 170 52
1886 7999 214 171 53
1886 7994 314 171 53
1886 7994 417 171 53
1912 7994 492 171 53
1950 8002 542 171 53
2002 8008 556 171 53
2042 8008 542 169 53
2075 8008 435 169 53
2098 8008 53 169 53
2098 8008 0 168 52
2108 7995 0 168 52
2100 7995 0 168 53
2094 7990 0 168 53
2094 7990 0 168 53
2094 7978 0 166 54
2100 7973 0 166 54
2100 7973 0 166 54
2100 7973 0 166 54
2100 7973 203 166 54
2100 7973 267 166 54
2100 7973 299 166 54
2100 7973 309 166 54
2100 7973 334 166 54
2130 7967 344 166 54
2153 7958 374 167 54
2175 7944 397 168 53
2195 7944 443 168 53
2216 7944 468 168 53
2236 7957 467 168 52
2255 7975 470 168 52
2276 7997 461 168 52
2288 8019 456 168 52
2294 8038 422 167 52
2285 8049 389 167 52
2268 8044 349 166 53
2245 8030 309 166 53
2225 8004 301 166 53
2207 7974 274 166 53
2189 7938 257 167 52
2189 7911 256 168 52
2189 7892 254 168 52
2204 7870 254 168 52
2226 7859 250 168 52
2247 7859 285 169 51
2269 7866 314 169 51
2295 7892 334 169 51
2320 7929 366 169 51
2345 7974 373 169 51
2361 8026 366 169 51
2370 8082 371 167 51
2364 8154 353 167 51
2353 8230 348 167 51
2338 8308 373 167 51
2327 8383 369 166 51
2320 8414 369 166 51
2320 8414 348 166 51
2320 8403 341 165 51
2325 8362 339 165 51
2331 8303 338 165 50
2337 8228 343 165 50
2342 8152 339 165 50
2351 8079 341 167 50
2364 8026 338 166 51
2381 7985 334 166 51
2400 7958 345 166 51
2422 7948 334 167 51
2443 7948 339 167 51
2460 7956 348 167 51
2474 7975 353 167 51
2486 8003 368 167 51
2493 8032 369 167 51
2493 8059 361 167 51
2493 8079 372 167 52
2498 8079 369 167 52
2498 8062 388 167 52
2503 8027 420 167 52
2503 7993 445 167 52
2503 7961 448 167 52
2503 7936 450 168 52
2503 7926 425 168 52
2510 7926 337 168 52
2516 7931 139 169 51
2516 7931 0 170 52
2536 7968 0 170 52
2547 8011 0 170 51
2553 8058 0 170 52
2553 8108 0 170 52
2553 8108 136 170 52
2540 8178 249 170 52
2532 8193 399 170 52
2524 8198 430 170 52
2524 8198 433 169 51
2524 8198 433 169 51
2524 8186 425 169 51
2530 8160 311 169 51
2530 8160 0 167 51
2557 8087 0 169 51
2571 8051 0 169 51
2583 8026 0 169 51
2599 8009 0 169 53
2612 7992 0 171 53
2625 7985 0 172 53
2632 7985 0 173 54
2632 7992 0 175 54
2632 7997 0 175 54
2626 8008 0 176 54
2626 8008 149 176 54
2626 8008 153 176 54
2626 8008 170 175 54
2626 8008 220 175 54
2599 7933 246 173 53
2590 7862 247 173 53
2590 7788 254 173 53
2585 7707 247 172 53
2585 7655 163 172 53
2585 7655 0 173 53
2600 7616 0 173 53
2609 7630 0 173 53
2622 7660 0 175 53
2640 7709 0 175 53
2640 7773 0 175 53
2631 7847 0 175 53
2608 7935 0 175 53
2586 8020 0 175 53
2586 8020 179 175 52
2586 8100 257 175 52
2596 8118 344 175 52
2622 8131 367 174 52
2662 8131 379 174 52
2708 8118 387 174 52
2735 8093 386 174 52
2749 8055 387 174 52
2740 8018 391 174 52
2713 7983 396 175 52
2673 7945 366 175 52
2631 7925 257 176 52
2595 7918 53 176 51
2595 7918 0 176 51
2571 7918 0 176 51
2583 7933 0 176 50
2624 7960 0 175 50
2669 8008 0 175 50
2713 8051 0 175 50
2756 8087 0 176 51
2776 8107 0 176 51
2784 8116 0 176 51
2784 8116 0 177 52
2784 8116 67 177 52
2784 8116 129 177 52
2784 8116 215 177 52
2784 8116 291 177 52
2784 8116 366 177 52
2818 8102 441 178 51
2860 8102 465 179 51
2906 8094 467 179 51
2946 8094 472 179 51
2967 8094 472 179 51
2977 8094 469 180 51
2986 8099 461 180 51
2986 8111 450 180 51
2975 8128 447 180 51
2949 8148 443 180 51
2911 8156 449 180 51
2864 8143 438 180 51
2803 8117 431 180 51
2745 8077 438 180 51
2731 8047 439 179 51
2745 8025 514 179 51
2772 8011 562 178 51
2834 8011 599 177 52
2918 8023 606 176 52
3032 8062 611 176 52
3149 8116 586 176 52
3234 8179 556 175 52
3296 8247 540 175 52
3296 8328 513 175 52
3240 8419 444 175 52
3145 8517 423 175 51
2994 8561 371 175 51
2774 8570 339 174 51
2507 8511 349 174 51
2222 8417 372 174 51
1949 8300 404 173 51
1685 8175 433 173 51
1534 8056 441 171 52
1500 7969 447 170 52
1544 7902 502 169 51
1670 7865 620 169 51
1900 7865 664 169 51
2199 7884 662 169 51
2537 7937 644 169 51
2782 7986 630 169 50
2965 7994 594 170 51
2984 7976 597 171 51
2908 7884 602 173 51
2769 7787 611 174 51
2544 7682 619 174 52
2321 7578 647 175 52
2179 7512 653 175 52
2089 7470 670 175 52
2113 7475 675 175 52
2224 7503 697 174 52
2393 7547 699 174 52
2630 7601 707 174 52
2888 7653 691 174 52
3159 7705 577 174 52
