2595 8505 39 116 58
2601 8545 101 118 59
2601 8554 175 119 60
2601 8559 249 120 60
2601 8559 312 120 60
2601 8559 399 120 60
2594 8526 518 120 60
2594 8481 584 120 60
2579 8406 620 119 60
2556 8311 667 119 60
2535 8204 693 121 59
2511 8065 716 121 59
2484 7925 737 120 58
2457 7784 763 121 58
2445 7696 759 121 58
2451 7642 753 121 58
2470 7616 763 119 58
2479 7616 760 119 58
2499 7622 763 119 58
2526 7657 758 120 58
2554 7734 746 120 58
2568 7838 740 120 58
2568 7949 742 120 58
2547 8056 736 120 58
2500 8160 734 121 58
2437 8221 728 121 58
2361 8234 731 123 58
2273 8216 736 122 57
2178 8128 736 122 57
2077 7996 727 122 56
1987 7835 716 121 56
1930 7686 710 121 56
1892 7575 707 120 55
1901 7490 707 118 56
1937 7439 703 118 56
1992 7408 708 118 56
2075 7390 719 117 56
2174 7408 725 117 56
2283 7456 731 117 56
2405 7524 731 118 57
2532 7618 720 118 57
2668 7733 731 118 57
2776 7863 720 119 58
2864 8019 724 119 58
2918 8160 728 121 58
2930 8290 730 123 59
2915 8420 743 124 58
2858 8547 762 125 59
2794 8626 788 125 59
2725 8675 784 127 59
2664 8693 770 127 59
2604 8672 760 124 58
2539 8624 754 124 58
2470 8565 754 124 58
2425 8503 753 123 58
2383 8435 754 123 58
2347 8339 753 122 57
2312 8227 754 122 57
2279 8081 754 121 56
2255 7931 759 121 56
2242 7809 760 118 56
2257 7708 757 118 56
2290 7657 754 117 55
2344 7631 761 116 55
2404 7621 763 116 55
2484 7639 760 116 56
2575 7705 745 116 56
2681 7803 731 116 57
2771 7901 730 118 57
2822 7988 730 119 58
2851 8038 728 121 58
2851 8068 721 121 58
2843 8062 720 124 58
2830 8030 730 125 59
2803 7982 725 125 59
2778 7923 711 127 59
2769 7885 702 127 59
2769 7861 676 127 59
2769 7848 678 127 59
2769 7834 673 126 58
2769 7816 673 126 58
2755 7799 666 124 57
2746 7782 670 123 56
2738 7766 688 122 57
2729 7747 690 122 57
2721 7726 697 121 56
2716 7699 699 119 56
2716 7670 699 119 56
2716 7641 697 118 56
2732 7629 690 118 56
2756 7629 700 118 56
2782 7629 699 117 56
2809 7637 700 118 57
2828 7637 690 118 57
2842 7637 691 118 57
2850 7631 696 119 58
2860 7631 703 119 58
2875 7631 716 119 58
2896 7647 719 119 58
2918 7663 716 119 58
2946 7682 721 120 57
2972 7708 721 120 57
2994 7745 725 120 57
3018 7790 725 120 57
3024 7838 727 120 57
3017 7884 722 120 57
2992 7913 746 120 57
2966 7931 757 122 57
2940 7931 771 123 58
2923 7923 773 123 58
2908 7895 771 123 58
2900 7852 768 123 58
2900 7802 757 123 58
2900 7751 753 123 58
2907 7709 757 123 58
2921 7672 755 123 58
2936 7637 755 123 58
2955 7613 757 120 57
2991 7596 758 120 57
3036 7596 758 120 57
3096 7621 760 120 57
3157 7655 763 119 56
3204 7694 750 119 56
3241 7734 753 119 56
3270 7775 759 119 56
3287 7807 763 119 56
3297 7835 767 119 56
3297 7857 765 119 56
3287 7879 768 121 56
3278 7887 767 121 56
3278 7887 759 122 56
3278 7881 753 122 56
3284 7872 753 122 56
3301 7856 753 124 55
3325 7840 751 125 56
3348 7835 750 125 56
3378 7835 752 125 56
3413 7852 743 125 56
3449 7881 722 126 57
3475 7920 733 126 57
3487 7945 731 127 57
3487 7965 730 127 57
3487 7983 721 128 58
3487 7983 745 129 59
3478 7975 753 128 59
3462 7945 779 129 60
3418 7901 787 129 60
3371 7849 799 129 60
3322 7796 799 128 59
3292 7755 799 129 59
3277 7722 797 128 58
3277 7680 796 128 58
3277 7638 790 127 57
3308 7596 797 127 57
3354 7576 790 126 58
3420 7576 770 124 57
3490 7596 737 124 57
3565 7637 719 126 58
3624 7689 693 126 58
3673 7731 691 128 58
3687 7769 725 129 59
3693 7788 731 131 60
3693 7795 749 132 60
3673 7805 763 132 60
3636 7821 793 134 61
3588 7840 785 134 61
3542 7840 787 134 61
3509 7810 797 135 60
3484 7763 796 135 60
3465 7707 793 134 60
3451 7652 790 134 60
3451 7606 784 132 59
3451 7567 779 132 59
3483 7556 791 132 59
3525 7574 788 131 58
3564 7611 826 131 58
3603 7664 825 132 59
3625 7715 824 132 59
3636 7761 767 132 59
3627 7807 655 134 60
