1276 7873 80 134 54
1282 7847 88 135 53
1273 7847 91 136 52
1273 7847 96 135 52
1273 7842 90 135 52
1279 7842 141 136 51
1291 7842 207 136 51
1311 7858 249 135 51
1357 7907 270 135 51
1419 7980 273 135 52
1512 8085 292 135 52
1628 8202 299 135 52
1758 8328 312 135 52
1882 8443 305 135 52
1991 8555 305 135 52
2091 8626 304 135 52
2151 8670 302 135 52
2172 8678 297 135 52
2172 8669 311 135 52
2148 8648 305 135 52
2092 8589 309 135 52
2012 8502 314 135 52
1916 8396 314 135 52
1816 8289 314 135 52
1712 8182 314 135 52
1609 8083 317 136 52
1531 7990 325 136 52
1470 7916 329 137 52
1442 7881 329 137 52
1433 7871 325 137 52
1433 7871 330 137 52
1451 7877 334 140 52
1467 7893 334 140 52
1487 7915 334 140 52
1502 7937 337 140 52
1513 7960 339 138 51
1520 7974 339 138 51
1520 7985 342 137 52
1525 7985 345 137 52
1525 7985 333 137 52
1518 7985 344 137 52
1512 7980 344 137 52
1506 7972 332 137 52
1500 7963 324 137 52
1495 7954 320 136 52
1495 7954 320 136 52
1495 7945 319 136 52
1488 7945 320 136 52
1482 7945 319 136 52
1482 7934 319 136 52
1476 7934 317 136 52
1482 7934 314 136 52
1482 7934 309 136 52
1532 7963 309 136 52
1582 8011 314 136 52
1669 8075 309 136 52
1774 8154 307 136 52
1891 8243 311 136 52
2021 8339 297 136 52
2135 8433 302 136 52
2239 8527 299 136 51
2305 8585 304 136 51
2333 8621 315 136 51
2333 8621 344 136 51
2316 8598 341 136 51
2258 8554 369 136 51
2174 8464 364 136 51
2061 8371 369 136 51
1947 8271 374 136 51
1831 8169 376 136 51
1735 8067 376 136 51
1660 7978 377 136 51
1598 7897 377 136 51
1570 7859 381 136 51
1570 7852 386 138 51
1577 7865 394 138 51
1603 7910 398 138 51
1643 7965 389 138 51
1691 8026 388 137 51
1726 8064 371 137 51
1752 8084 284 137 51
1773 8093 173 137 51
1792 8093 53 137 51
1792 8093 0 136 51
1818 8093 0 137 52
1826 8104 0 137 52
1835 8120 0 137 52
1859 8140 0 137 52
1893 8158 0 137 52
1938 8176 0 137 52
1987 8244 0 136 51
2058 8293 0 135 51
2142 8330 0 135 51
2223 8372 0 134 50
2302 8415 0 134 50
2380 8460 0 135 50
2449 8495 0 136 50
2522 8526 0 138 50
2571 8548 0 140 51
2602 8563 0 142 50
2633 8570 0 142 50
2648 8570 0 142 50
2648 8563 0 143 50
2639 8552 0 143 50
2630 8547 0 141 50
2623 8547 0 141 50
2649 8547 0 140 50
2680 8567 0 138 49
2722 8591 0 137 50
2770 8618 0 137 50
2809 8643 0 138 50
2809 8643 48 137 51
2824 8677 103 138 51
2817 8677 148 137 52
2801 8677 163 137 52
2778 8669 180 137 52
2740 8633 175 137 52
2678 8579 200 137 52
2600 8489 209 137 52
2498 8381 250 137 51
2388 8260 307 137 51
2273 8140 351 137 51
2177 8037 381 137 50
2111 7946 388 137 50
2066 7879 388 137 50
2066 7855 399 137 50
2075 7855 388 138 49
2111 7873 400 138 49
2165 7920 417 138 49
2231 7989 430 138 49
2290 8047 433 138 49
2343 8102 440 138 49
2379 8139 446 138 49
2396 8165 450 138 49
2396 8165 464 137 48
2396 8165 472 137 48
2390 8158 464 137 48
2377 8147 463 136 48
2359 8130 439 136 48
2344 8111 420 136 48
2331 8092 371 136 48
2324 8083 312 136 48
2324 8083 225 137 48
2329 8083 115 137 48
2329 8083 0 137 48
2361 8117 0 137 48
2388 8142 0 137 48
2420 8178 0 137 48
2455 8221 0 137 48
2500 8270 0 137 48
2553 8317 0 137 48
2623 8371 0 138 49
2705 8430 0 138 49
2784 8487 0 138 49
2863 8545 0 139 48
2937 8605 0 139 48
3007 8639 0 139 48
3062 8669 0 139 47
3108 8690 0 139 47
3147 8695 0 138 47
3174 8690 0 139 46
3183 8667 0 137 46
3183 8640 0 137 46
3205 8598 0 138 47
3205 8598 170 137 47
3044 8515 228 137 47
2982 8480 245 138 48
2922 8445 257 139 48
2875 8404 250 141 49
2836 8341 232 142 49
2789 8264 233 142 49
2732 8175 254 142 49
2667 8083 259 142 49
2591 7987 277 142 49
2516 7890 306 142 49
2470 7833 344 142 49
2443 7801 336 140 50
2443 7795 344 140 50
2463 7806 353 138 49
2500 7829 351 138 49
2573 7894 356 138 49
2662 7979 364 138 49
2762 8077 368 139 48
2841 8143 371 141 49
2898 8191 371 141 49
2941 8226 361 141 49
2956 8231 379 142 49
2956 8231 400 143 50
2936 8223 407 143 50
2900 8200 423 144 50
2854 8168 423 144 50
2802 8123 423 144 50
2755 8080 415 144 50
2710 8038 413 143 50
2672 8006 405 143 50
2654 7990 399 142 49
2648 7984 391 141 50
2667 7991 386 140 50
2690 8006 376 140 50
2723 8027 371 140 50
2768 8057 372 140 50
2819 8088 366 140 50
2868 8121 366 140 50
2916 8152 373 141 50
2964 8187 361 141 50
3013 8226 364 143 50
3066 8266 366 143 50
3122 8306 371 143 50
3182 8343 374 143 50
3227 8375 379 143 50
3261 8398 381 144 49
3287 8413 374 143 49
3298 8403 387 143 49
3298 8379 393 143 49
3272 8317 392 142 48
3207 8222 402 142 48
3118 8105 418 143 49
3010 7963 442 143 49
2904 7820 465 143 49
2803 7693 495 143 49
2725 7576 489 143 49
2661 7476 493 143 49
2649 7434 480 143 49
2641 7434 480 143 49
2677 7478 496 141 49
2740 7599 519 141 49
2818 7770 545 141 49
2885 7931 572 141 49
2945 8090 602 141 49
2972 8204 622 143 49
2961 8290 636 144 49
2924 8348 647 144 49
2846 8381 662 145 50
2729 8397 673 145 50
2585 8362 682 145 50
2392 8300 685 145 50
2202 8219 676 146 49
2012 8118 676 145 50
1820 8006 671 144 49
1677 7888 649 144 49
1589 7816 639 144 49
1537 7775 564 144 50
1551 7755 565 144 50
1633 7755 567 144 50
1761 7799 570 145 51
1936 7864 584 145 51
2147 7947 586 145 51
2381 8032 588 145 51
2612 8118 591 146 50
2829 8181 599 145 50
2989 8221 595 145 50
3115 8245 594 145 50
3168 8232 614 146 49
3168 8188 622 146 49
3128 8124 639 147 49
3033 8031 641 147 49
2910 7930 642 147 49
2768 7824 639 148 48
2638 7758 633 147 49
2544 7725 633 147 49
2475 7714 638 147 49
2469 7731 643 147 49
2548 7791 694 147 49
2683 7881 727 146 49
2874 8034 755 146 49
3113 8193 759 146 49
3384 8357 757 146 49
3631 8489 754 146 49
3825 8617 751 147 49
3984 8690 753 147 49
4056 8727 759 146 50
4073 8727 779 148 50
4054 8719 762 148 50
4013 8706 694 149 51
3948 8687 439 149 51
3948 8687 0 149 51
3799 8597 0 149 51
3731 8590 0 149 51
3686 8609 0 149 51
3656 8626 0 150 50
3656 8637 0 150 50
3656 8643 0 152 49
3650 8697 0 154 49
3636 8685 0 157 48
3615 8629 0 158 47
3586 8597 0 161 45
3551 8543 0 162 45
3513 8474 0 164 44
3470 8401 0 165 44
3423 8331 0 164 45
3373 8261 0 163 46
3321 8184 0 161 47
3272 8108 0 157 50
3233 8037 0 153 51
3199 7969 0 149 52
3167 7891 0 146 52
3167 7809 0 143 51
3167 7809 708 142 50
3111 7766 730 142 49
3099 7789 687 142 48
3128 7807 464 143 48
3128 7807 0 144 47
3310 7852 0 144 47
3405 7908 0 145 47
3432 7982 0 145 47
3453 8044 0 145 48
3470 8079 0 146 49
3500 8095 0 146 50
3534 8083 0 148 50
3534 8083 672 147 51
3588 8033 842 148 51
3549 8090 968 148 51
3539 8106 983 148 51
3547 8094 917 148 51
3596 8105 724 148 51
3691 8119 103 148 50
