1226 8164 65 133 65
1271 8228 94 133 65
1277 8257 141 135 64
1294 8282 158 137 63
1308 8307 233 137 63
1318 8328 280 137 63
1326 8340 302 138 63
1326 8340 312 137 62
1326 8340 309 137 62
1321 8314 309 137 62
1308 8272 342 138 61
1273 8193 353 137 62
1224 8096 374 137 62
1169 7987 389 137 62
1101 7853 388 135 63
1023 7739 407 135 63
958 7639 428 135 63
935 7582 431 133 63
935 7562 465 133 63
975 7562 502 132 64
1065 7621 516 132 64
1191 7751 519 130 63
1327 7931 518 130 63
1453 8120 515 130 63
1572 8273 496 132 64
1655 8402 465 133 63
1705 8499 428 133 63
1734 8548 277 137 63
1740 8566 39 138 64
1740 8566 0 138 64
1680 8529 0 141 64
1613 8472 0 143 64
1549 8406 0 143 64
1492 8335 0 145 65
1443 8254 0 145 65
1399 8156 0 145 65
1362 8047 0 144 66
1329 7946 0 144 66
1301 7867 0 144 66
1280 7804 0 144 66
1275 7775 0 142 65
1275 7768 0 142 65
1294 7776 0 143 64
1309 7789 0 141 64
1326 7806 0 143 63
1342 7826 0 144 62
1352 7840 0 143 62
1359 7853 0 144 61
1359 7866 0 146 62
1367 7878 0 146 62
1367 7886 0 144 62
1374 7886 0 144 62
1374 7886 0 144 62
1374 7886 0 144 62
1374 7886 0 143 63
1383 7881 0 143 63
1383 7881 0 143 63
1393 7881 0 143 63
1393 7871 0 141 64
1393 7871 25 141 64
1393 7871 48 141 64
1393 7871 98 140 63
1393 7871 101 140 63
1393 7871 130 140 63
1393 7871 132 140 63
1393 7871 158 140 63
1375 7834 179 138 64
1357 7799 185 138 64
1334 7754 209 138 64
1313 7719 246 137 65
1298 7690 251 135 64
1293 7675 254 135 64
1298 7668 251 133 63
1310 7668 253 133 63
1324 7668 256 132 63
1339 7687 241 132 63
1356 7714 245 132 63
1375 7742 247 132 63
1395 7775 245 132 63
1414 7812 244 132 63
1430 7841 245 132 63
1442 7864 241 132 63
1447 7875 241 133 62
1447 7875 247 133 62
1447 7875 245 133 62
1441 7869 245 135 62
1441 7858 247 135 62
1429 7834 249 135 62
1417 7802 249 135 62
1411 7764 249 135 62
1406 7725 250 135 62
1406 7698 252 133 62
1406 7680 252 133 62
1414 7680 247 132 63
1423 7680 247 132 63
1433 7680 247 132 63
1446 7692 241 132 63
1461 7711 245 132 63
1476 7734 242 132 63
1489 7761 245 132 63
1501 7785 247 133 63
1516 7801 245 133 63
1521 7810 245 133 63
1521 7810 254 133 63
1521 7810 255 133 63
1521 7803 260 133 63
1515 7791 260 133 63
1507 7769 260 133 63
1500 7742 260 133 63
1492 7719 264 133 63
1492 7703 260 133 63
1504 7690 257 133 63
1512 7690 255 133 63
1521 7690 255 133 63
1535 7696 254 133 63
1551 7710 252 133 63
1569 7728 249 133 63
1587 7748 247 133 63
1605 7764 247 135 64
1614 7777 245 135 64
1614 7777 245 135 64
1623 7777 242 137 65
1623 7777 245 137 65
1623 7763 245 137 65
1623 7743 245 137 65
1623 7724 247 137 65
1623 7708 247 137 65
1628 7708 245 137 65
1637 7708 247 137 65
1650 7714 249 135 64
1667 7722 241 135 64
1688 7742 244 135 64
1709 7770 233 133 63
1721 7788 218 133 63
1728 7802 214 135 64
1728 7810 214 135 64
1721 7810 214 135 64
1715 7810 218 137 65
1715 7810 225 138 64
1715 7810 225 138 64
1715 7802 228 138 64
1715 7786 235 138 64
1715 7765 237 138 64
1715 7746 244 138 64
1715 7729 247 138 64
1715 7718 251 138 64
1728 7710 254 137 65
1740 7710 241 137 65
1753 7710 256 137 65
1767 7722 254 137 65
1778 7731 242 137 65
1788 7746 237 137 65
1801 7766 225 137 65
1813 7784 209 137 65
1822 7800 213 137 65
1829 7814 212 137 65
1834 7814 220 137 65
1834 7814 207 138 64
1829 7814 209 138 64
1829 7814 209 138 64
1829 7814 212 138 64
1836 7808 212 138 64
1836 7797 212 138 64
1846 7782 212 138 64
1846 7769 214 138 64
1846 7757 212 138 64
1846 7745 216 138 64
1846 7740 216 138 64
1846 7740 214 137 65
1852 7740 216 137 65
1852 7740 225 137 65
1852 7740 228 137 65
1852 7740 228 137 65
1852 7750 230 137 65
1852 7760 228 137 65
1852 7767 225 137 65
1852 7774 214 137 65
1852 7780 220 137 65
1852 7785 184 137 65
1858 7785 93 137 65
1866 7793 1 137 65
1866 7793 0 137 65
1887 7793 0 137 65
1903 7798 0 137 65
1925 7798 0 137 65
1949 7807 0 137 65
1974 7813 0 137 65
1998 7819 0 135 64
2013 7819 0 137 63
2022 7825 0 137 63
2028 7825 0 137 63
2028 7825 0 137 63
2019 7825 0 137 63
2005 7818 0 137 63
1985 7818 0 137 63
1961 7812 0 137 63
1943 7812 0 137 63
1925 7802 0 137 63
1925 7802 0 137 63
1930 7802 0 137 63
1936 7802 0 137 63
1947 7807 0 137 63
1966 7816 0 137 63
1991 7824 0 137 63
2018 7834 0 137 63
2051 7845 0 137 63
2090 7863 0 137 63
2139 7888 0 137 63
2193 7918 0 138 63
2245 7947 0 138 63
2297 7975 0 137 63
2350 8004 0 135 63
2403 8037 0 135 63
2403 8037 15 133 63
2486 8107 191 133 63
2498 8137 239 132 64
2492 8157 335 133 65
2473 8166 363 135 64
2445 8166 392 135 64
2395 8166 407 137 63
2325 8141 414 137 63
2242 8105 427 137 63
2172 8061 431 137 63
2132 8020 428 137 63
2112 7980 418 137 63
2112 7941 414 137 63
2147 7890 413 137 63
2197 7832 399 137 63
2256 7783 397 137 63
2309 7747 412 135 64
2359 7720 423 135 64
2399 7711 431 135 64
2421 7701 443 135 64
2431 7689 447 135 64
2422 7677 450 135 64
2389 7668 441 135 64
2339 7653 414 135 64
2279 7633 415 135 64
2225 7619 358 135 64
2201 7609 226 133 63
2194 7603 58 133 63
2194 7603 0 133 63
2219 7601 0 133 63
2257 7614 0 133 63
2307 7641 0 135 63
2361 7668 0 135 63
2421 7692 0 137 63
2482 7713 0 137 63
2533 7729 0 137 63
2533 7729 63 138 64
2599 7745 75 140 63
2608 7745 130 141 64
2608 7750 223 141 64
2601 7750 292 143 64
2596 7750 327 143 64
2580 7750 354 143 64
2555 7743 374 143 64
2524 7725 413 143 64
2488 7700 420 143 64
2448 7672 438 143 64
2418 7645 446 142 65
2406 7629 422 140 65
2406 7620 410 140 65
2422 7626 405 140 65
2443 7642 394 138 64
2472 7664 381 138 64
2502 7692 349 138 64
2528 7718 329 138 64
2552 7738 314 138 64
2569 7748 306 138 64
2580 7748 306 140 65
2586 7742 309 140 65
2586 7730 329 140 65
2586 7709 327 140 65
2586 7682 329 140 65
2586 7665 336 140 65
2594 7655 339 140 65
2611 7650 333 140 65
2639 7657 345 140 65
2666 7671 337 140 65
2691 7690 339 140 65
2711 7706 337 140 65
2724 7718 312 138 64
2731 7731 232 138 64
2746 7754 110 137 63
2746 7754 0 137 63
2792 7821 0 137 63
2813 7858 0 137 63
2824 7896 0 137 63
2829 7931 0 137 63
2829 7962 0 140 63
2829 7962 67 140 63
2829 7962 119 140 63
2787 7929 148 140 63
2768 7906 187 140 63
2754 7873 206 138 64
2738 7835 244 138 64
2725 7801 254 138 64
2716 7774 265 138 64
2716 7752 265 138 64
2724 7734 245 137 63
2743 7728 244 137 63
2765 7728 218 137 63
2791 7749 181 135 63
2821 7787 137 135 63
2854 7839 130 135 63
2882 7901 107 137 63
2906 7962 115 137 63
2921 7999 149 137 63
2927 8019 180 138 64
2927 8010 205 138 64
2927 7997 221 138 64
2917 7963 237 140 65
2902 7917 241 140 65
2888 7867 241 140 65
2872 7823 242 140 65
2855 7783 250 140 65
2839 7760 257 140 65
2839 7749 260 140 63
2839 7749 255 140 63
2834 7749 249 140 63
2822 7775 173 140 63
2803 7807 98 140 63
2803 7807 0 140 63
2713 7859 0 140 63
2639 7852 0 140 63
2535 7825 0 140 63
2411 7779 0 140 63
2274 7730 0 140 63
2125 7671 0 141 63
2125 7671 396 143 63
1871 7553 450 143 63
1788 7539 493 143 63
1766 7550 510 143 63
1811 7558 516 145 64
1901 7598 533 145 64
2101 7660 529 145 64
2350 7744 519 146 64
2632 7831 470 146 64
2889 7919 394 148 65
3068 7997 386 148 65
3196 8053 512 150 65
3223 8095 622 150 65
3180 8124 659 152 65
3090 8149 662 151 66
2926 8149 638 151 66
2680 8138 574 151 66
2379 8087 533 150 67
2007 7993 583 150 67
1637 7870 673 150 67
1364 7737 736 148 67
1154 7649 739 148 67
1078 7592 714 146 66
1078 7574 707 146 66
1132 7561 724 144 66
1264 7551 736 144 66
1477 7551 762 144 66
1745 7570 814 146 66
2079 7598 830 146 66
2472 7641 819 148 67
2904 7691 759 148 68
3337 7746 548 151 68
