1803 7446 187 125 50
1834 7470 203 126 50
1834 7512 239 126 51
1846 7547 259 127 52
1879 7621 320 127 52
1923 7723 364 128 53
1997 7845 389 128 53
2107 8019 396 128 53
2241 8213 399 128 53
2385 8420 391 128 53
2535 8654 397 127 52
2696 8829 409 128 52
2788 8965 418 129 51
2833 9016 422 132 51
2840 9028 415 133 51
2822 9014 422 135 51
2786 8963 423 135 51
2700 8846 415 136 50
2577 8686 417 136 50
2430 8485 423 136 50
2308 8278 425 136 50
2209 8050 427 135 51
2125 7811 430 133 51
2104 7677 423 132 51
2130 7608 430 129 51
2187 7583 453 129 51
2284 7634 527 128 52
2406 7762 538 127 51
2544 7941 544 127 51
2673 8135 537 127 51
2750 8278 546 128 52
2793 8387 554 128 52
2793 8419 557 130 52
2765 8400 554 130 52
2719 8346 556 131 52
2618 8220 562 133 52
2503 8051 565 133 52
2378 7853 570 131 52
2274 7663 564 131 52
2174 7474 564 131 52
2105 7286 567 131 52
2055 7185 566 129 52
2070 7140 568 128 52
2090 7140 562 128 52
2138 7200 561 128 52
2202 7304 562 127 51
2286 7482 559 126 51
2371 7692 568 126 51
2457 7923 572 126 51
2568 8210 578 126 51
2679 8496 583 127 52
2790 8726 584 127 52
2830 8920 588 127 52
2830 8992 597 128 53
2799 8992 585 130 53
2736 8946 586 131 52
2621 8807 586 131 52
2470 8593 589 131 52
2338 8330 588 133 52
2249 8099 591 133 52
2189 7874 594 130 52
2142 7652 597 130 52
2137 7506 585 129 51
2161 7420 583 129 51
2195 7374 580 127 51
2233 7402 575 127 51
2276 7490 583 127 51
2323 7619 584 126 50
2370 7762 591 126 50
2417 7915 594 126 50
2475 8075 591 126 50
2539 8185 584 127 51
2587 8263 584 127 51
2611 8319 581 127 51
2620 8326 563 128 52
2620 8311 564 129 51
2594 8281 563 129 51
2556 8204 566 129 51
2507 8098 566 129 51
2459 7974 569 129 51
2427 7867 569 129 51
2405 7791 563 129 51
2405 7736 564 128 52
2413 7708 568 128 52
2434 7703 570 128 52
2462 7714 567 126 51
2503 7766 569 127 52
2552 7847 570 127 52
2600 7948 574 127 52
2653 8054 570 127 52
2690 8143 574 127 52
2715 8195 572 129 52
2725 8227 574 129 52
2725 8227 572 130 52
2725 8227 575 130 52
2709 8187 575 130 52
2687 8129 578 130 52
2659 8056 572 130 52
2648 7983 572 130 52
2640 7908 572 130 52
2633 7861 567 130 52
2641 7835 572 130 52
2653 7826 574 130 52
2673 7843 574 130 52
2704 7877 575 130 52
2743 7953 570 130 52
2786 8045 567 130 52
2827 8148 569 131 52
2852 8206 570 131 52
2867 8240 570 133 52
2867 8259 566 134 52
2867 8259 570 135 53
2867 8247 567 136 54
2858 8215 565 137 54
2846 8169 565 137 54
2831 8109 568 137 54
2817 8046 564 136 55
2806 7978 567 136 55
2797 7936 567 136 55
2797 7911 570 136 55
2810 7911 570 136 55
2839 7952 563 135 54
2880 8013 564 135 54
2921 8087 567 135 54
2945 8155 570 134 54
2957 8195 567 134 54
2957 8219 592 135 54
2957 8219 591 135 54
2947 8219 592 135 54
2938 8198 589 135 54
2927 8162 586 135 54
2917 8107 584 135 54
2907 8052 584 135 54
2907 7996 581 135 54
2907 7951 570 135 54
2907 7914 491 135 54
2927 7905 307 135 54
2927 7905 0 134 55
2975 7952 0 134 55
3011 8008 0 133 54
3031 8066 0 133 54
3050 8125 0 133 54
3067 8167 0 133 54
3087 8206 0 131 54
3104 8229 0 131 54
3119 8242 0 131 54
3130 8251 0 131 54
3130 8251 98 131 54
3130 8251 187 131 54
3130 8251 250 131 54
3130 8251 342 133 54
3130 8251 420 134 54
3099 8231 465 134 54
3086 8219 494 134 54
3068 8201 507 135 53
3045 8178 513 136 54
3022 8149 519 136 54
3002 8120 518 136 54
2985 8091 516 136 54
2978 8063 513 136 54
2978 8045 515 136 54
2993 8032 513 136 54
3010 8022 526 135 54
3036 8030 527 135 54
3073 8050 535 135 54
3121 8103 543 135 54
3176 8166 540 135 54
3215 8236 556 135 54
3233 8288 592 134 54
3238 8316 620 134 54
3221 8328 624 134 54
3177 8321 625 134 54
3114 8296 628 135 53
3061 8260 597 135 53
3027 8238 374 136 54
