2009 8557 95 127 63
2002 8489 244 130 63
1958 8318 372 130 63
1893 8089 495 132 64
1810 7816 616 132 64
1728 7598 700 132 64
1646 7417 714 130 65
1651 7317 703 128 65
1685 7280 702 126 66
1739 7280 679 123 65
1801 7313 659 123 65
1858 7372 638 121 66
1883 7451 636 120 65
1889 7569 642 120 65
1876 7693 638 121 66
1836 7822 667 123 65
1777 7893 667 124 66
1672 7915 661 126 66
1511 7904 678 130 66
1313 7849 710 130 66
1103 7791 754 132 65
896 7729 793 133 66
789 7699 817 133 66
748 7690 821 133 67
760 7699 821 133 67
856 7723 819 131 68
1009 7756 832 129 68
1240 7817 805 129 68
1522 7875 797 129 68
1839 7961 806 129 68
2270 8066 812 129 68
2725 8174 824 130 67
3197 8277 830 128 66
3574 8338 830 130 66
3830 8373 826 130 66
4005 8373 811 130 65
4049 8364 806 130 65
4054 8364 797 130 65
4034 8364 691 132 64
4019 8372 345 132 64
4019 8372 0 132 64
3918 8410 0 133 63
3829 8397 0 133 63
3713 8369 0 133 63
3578 8330 0 133 63
3444 8301 0 133 63
3311 8288 0 132 64
3178 8288 0 130 63
3089 8288 0 127 63
2940 8288 0 124 62
2752 8288 0 122 61
2582 8264 0 118 60
2436 8227 0 115 60
2306 8198 0 113 60
2206 8181 0 111 59
2151 8171 0 109 60
2126 8171 0 108 60
2087 8163 0 108 61
2105 8154 0 107 62
2162 8135 0 107 62
2155 8096 0 108 63
2194 8074 0 108 63
2263 8059 0 108 63
2292 8049 0 108 63
2305 8049 0 109 64
2305 8059 0 109 64
2305 8074 0 109 64
2305 8094 0 109 64
2295 8117 0 109 64
2284 8146 0 109 64
2270 8175 0 109 64
2253 8210 0 109 64
2232 8237 0 109 64
2212 8255 0 111 64
2198 8273 0 111 64
2190 8285 0 111 64
2184 8285 0 112 62
2179 8274 0 112 62
2179 8274 203 112 62
2173 8198 369 114 62
2173 8165 466 114 62
2173 8144 526 114 62
2185 8112 543 112 62
2199 8090 578 112 62
2208 8074 588 112 62
2208 8064 586 113 63
2208 8064 567 113 63
2208 8064 529 113 63
2208 8073 467 113 63
2193 8100 467 113 63
2180 8139 483 113 63
2167 8187 483 113 63
2167 8232 472 113 63
2175 8275 425 115 63
2196 8297 262 115 63
2237 8313 80 115 63
2237 8313 0 116 63
2326 8303 0 116 63
2373 8298 0 117 63
2373 8298 51 119 63
2461 8292 149 119 63
2489 8292 335 120 64
2489 8292 452 120 64
2484 8292 543 122 65
2470 8276 591 122 65
2450 8243 606 122 65
2420 8198 611 120 65
2384 8165 611 120 65
2377 8154 611 120 65
2377 8154 564 120 65
2377 8168 490 120 65
2389 8196 402 119 64
2411 8236 364 119 64
2440 8277 387 119 64
2466 8313 464 119 64
2479 8322 570 119 64
2479 8316 652 119 64
2492 8296 745 120 64
2503 8271 791 122 65
2515 8232 825 122 65
2529 8187 864 122 65
2544 8147 857 121 66
2559 8110 861 121 66
2559 8073 857 121 66
2567 8036 860 119 66
2567 7945 860 118 68
2567 7842 858 118 68
2567 7731 863 116 68
2567 7647 861 114 68
2567 7635 853 111 69
2567 7672 863 111 69
2572 7719 855 109 69
2582 7808 851 109 69
2600 7924 840 109 69
2625 8039 824 109 69
2666 8150 818 109 69
2703 8232 817 111 69
2736 8297 824 111 69
2768 8334 852 114 68
2782 8345 861 116 68
2782 8338 864 118 68
2787 8338 853 119 68
2787 8331 853 119 68
2796 8301 864 122 68
2796 8256 823 122 68
2804 8202 644 119 68
2815 8152 165 119 68
2815 8152 0 119 68
2840 8158 0 117 69
2840 8171 0 117 69
2826 8190 0 117 69
2820 8212 0 114 68
2820 8245 0 114 68
2820 8294 0 112 67
2828 8354 0 111 67
2839 8417 0 111 67
2839 8475 0 113 65
2822 8504 0 112 64
2822 8504 595 114 64
2784 8525 758 114 64
2774 8532 814 114 64
2774 8532 830 117 65
2774 8532 787 117 65
2774 8532 611 118 65
2783 8532 68 119 66
2783 8532 0 119 66
2813 8509 0 120 67
2832 8489 0 120 67
2880 8471 0 122 67
2943 8457 0 121 66
3017 8447 0 121 66
3064 8436 0 120 65
3097 8423 0 119 64
3121 8407 0 120 64
3121 8374 0 120 64
3121 8330 0 119 63
3121 8330 442 119 63
3064 8288 767 117 63
3040 8283 869 119 64
3040 8283 917 119 64
3033 8306 923 120 65
3033 8340 869 120 65
3051 8382 821 121 66
3083 8414 788 121 66
3108 8421 799 122 67
3127 8415 872 122 67
3143 8381 933 122 67
3158 8350 993 124 67
3167 8322 1023 126 67
3173 8311 1023 126 67
3184 8311 1023 126 67
3184 8311 903 124 67
3184 8311 537 124 67
3184 8311 0 124 67
3220 8389 0 124 67
3220 8413 0 124 67
3220 8436 0 126 67
3228 8458 0 126 67
3245 8458 0 124 66
3265 8458 0 124 66
3287 8458 0 123 65
3292 8458 0 124 64
3287 8453 0 124 64
3274 8453 0 122 63
3257 8460 0 123 62
3243 8476 0 122 61
3243 8476 0 122 61
3224 8524 0 120 60
3217 8534 0 122 60
3210 8534 0 122 60
3199 8534 0 121 59
3185 8529 0 121 59
3166 8523 0 121 59
3148 8523 0 121 59
3131 8529 0 121 59
3112 8539 0 120 58
3098 8552 0 120 58
3091 8567 0 120 58
3085 8578 0 120 58
3078 8589 0 120 58
3078 8599 0 120 58
3093 8605 0 120 58
3113 8605 0 120 58
3120 8592 0 121 59
3127 8574 0 119 60
3134 8557 0 119 60
3153 8551 0 119 60
3174 8551 0 120 60
3195 8558 0 120 60
3216 8558 0 120 60
3234 8565 0 120 60
3254 8541 0 120 62
3272 8510 0 120 62
3272 8510 402 120 62
3310 8414 675 119 63
3317 8402 832 120 64
3317 8416 905 122 65
3322 8416 893 123 65
3322 8416 891 123 65
3328 8416 755 124 66
3328 8416 275 126 67
3328 8416 0 126 67
3335 8433 0 126 67
3328 8458 0 126 67
3321 8489 0 126 67
3311 8527 0 124 66
3299 8566 0 124 66
3288 8607 0 123 65
3274 8630 0 124 64
3274 8630 537 124 64
3246 8628 640 122 63
3238 8628 671 120 64
3238 8628 673 120 64
3238 8623 664 120 64
3265 8617 646 122 65
3307 8605 617 122 65
3401 8587 556 122 65
3495 8565 441 123 65
3586 8539 279 124 66
3627 8525 254 124 66
3636 8525 465 128 66
3623 8511 664 128 66
3600 8506 824 130 67
3571 8506 923 130 67
3537 8520 944 130 67
3514 8520 950 130 67
3506 8511 941 130 67
3506 8499 926 128 66
3519 8485 900 128 66
3539 8462 840 128 66
3560 8442 827 126 66
3586 8426 806 128 66
3611 8426 791 128 66
3643 8445 790 128 66
3680 8472 784 128 68
3714 8503 785 128 68
3740 8530 785 128 68
3761 8539 808 128 68
3769 8539 811 130 67
3774 8539 796 130 67
3774 8539 697 130 67
3774 8539 376 130 67
3774 8539 0 130 67
3833 8516 0 130 67
3838 8507 0 130 67
3777 8484 0 130 67
3671 8458 0 131 68
3520 8414 0 131 68
3360 8360 0 131 68
3194 8299 0 133 67
3038 8237 0 131 68
2847 8161 0 130 67
2632 8077 0 128 68
2442 7982 0 124 67
2257 7886 0 122 68
2117 7792 0 120 67
2004 7728 0 119 66
1961 7683 0 119 66
1953 7672 0 120 65
1969 7661 0 121 66
1969 7656 0 124 66
1961 7656 0 126 66
1944 7641 0 130 66
1918 7629 0 130 66
1879 7617 0 130 67
1831 7606 0 130 67
1755 7571 0 128 68
1755 7571 344 128 68
1548 7495 389 128 68
1462 7463 417 128 68
1445 7450 423 129 68
1474 7450 514 129 68
1560 7474 595 129 68
1707 7518 728 129 68
1895 7576 800 129 68
2100 7615 842 129 68
2323 7653 867 129 68
2558 7691 858 131 69
2808 7728 853 131 69
3040 7777 853 131 69
3213 7834 864 131 69
3352 7863 861 133 69
3402 7876 846 131 68
3416 7876 788 131 68
3407 7876 616 133 67
3359 7869 319 131 67
3266 7850 93 131 67
3266 7850 0 130 67
3015 7813 0 128 66
2874 7804 0 128 66
2724 7793 0 128 66
2556 7778 0 126 66
2407 7755 0 126 66
2271 7726 0 126 66
2153 7696 0 126 66
2076 7668 0 128 65
2027 7655 0 127 64
2001 7655 0 127 64
1991 7655 0 125 65
1991 7663 0 124 64
1991 7674 0 124 64
2007 7689 0 122 65
2028 7720 0 120 64
2053 7760 0 119 64
2078 7806 0 119 64
2088 7848 0 119 64
2088 7870 0 119 64
2072 7878 0 119 64
2072 7878 78 119 64
2006 7814 443 117 65
1974 7762 595 117 65
1948 7720 690 117 65
1948 7693 728 116 66
1948 7675 745 114 66
1965 7675 746 114 66
2009 7690 733 111 67
2073 7714 664 111 67
2140 7772 638 111 67
2176 7840 605 111 67
2190 7916 599 111 67
2190 7970 627 114 66
2179 7994 642 114 66
2159 7994 664 113 65
2133 7994 671 113 65
2097 7964 659 113 65
2053 7918 585 113 65
2028 7869 281 112 64
2028 7869 0 112 64
2036 7811 0 112 64
2054 7811 0 112 64
2077 7806 0 112 64
2108 7778 0 112 64
2145 7737 0 112 64
2145 7737 473 112 64
2213 7678 634 110 65
2226 7678 737 110 65
2255 7688 753 110 66
2292 7732 760 110 66
2335 7797 731 110 66
2364 7869 687 109 67
2376 7937 663 109 67
2376 7976 666 109 67
2363 7998 693 109 67
2349 7990 696 109 67
2349 7956 700 109 67
2360 7905 702 109 67
2370 7859 697 109 67
2382 7837 697 109 67
2399 7830 691 109 67
2415 7847 702 109 67
2429 7873 700 111 67
2437 7906 696 112 67
2443 7941 700 112 67
2453 7976 696 112 67
2463 8010 685 112 67
2475 8023 685 112 67
2490 7995 687 112 67
2506 7941 699 110 68
2512 7847 760 111 69
2512 7749 817 111 69
2498 7643 860 111 69
2481 7569 842 112 70
2461 7516 770 110 70
2461 7516 507 110 70
2456 7535 56 110 70
2456 7535 0 110 70
2479 7656 0 110 70
2525 7738 0 110 70
2583 7846 0 110 70
2674 7974 0 110 70
2768 8067 0 112 70
2768 8067 99 112 70
2871 8139 245 115 69
2866 8117 433 115 69
2845 8066 556 117 69
2812 7996 650 117 69
2778 7920 733 117 69
2754 7840 724 117 69
2737 7809 719 114 68
2747 7809 687 114 68
2747 7821 644 114 68
2752 7856 592 112 67
2775 7909 559 112 67
2789 7975 564 112 67
2796 8042 570 112 67
2803 8109 586 112 67
2817 8128 616 112 67
2841 8114 663 116 68
2879 8054 758 116 68
2927 7963 866 117 69
2957 7851 930 117 69
2978 7763 934 117 69
2994 7724 949 115 69
3012 7719 953 115 69
3028 7726 941 115 69
3041 7767 905 115 69
3067 7832 890 115 69
3101 7910 834 115 69
3101 8027 796 115 69
3094 8169 739 115 69
3081 8374 653 117 69
3081 8596 664 117 69
3090 8830 667 121 69
3123 8926 697 123 69
3171 8926 794 125 68
3212 8853 869 128 68
3255 8749 944 129 68
3279 8623 956 129 68
3288 8483 964 131 68
3306 8394 959 131 69
3326 8342 949 131 69
3350 8316 942 131 69
3342 8303 903 131 71
3314 8292 827 131 71
3175 8282 760 133 71
2922 8265 788 133 71
2594 8246 857 133 71
2212 8227 933 130 72
1841 8209 933 130 72
1477 8173 971 130 72
1257 8141 989 130 72
1112 8116 982 130 72
1018 8093 982 130 72
1026 8087 984 128 72
1120 8087 996 128 72
1270 8103 1006 128 72
1533 8170 1023 128 72
1909 8272 1023 128 72
2359 8391 1023 128 72
2809 8512 1023 126 72
3185 8633 1023 126 72
3511 8707 1023 128 71
3740 8751 1023 127 70
3857 8751 985 127 70
3899 8743 933 127 70
3899 8725 780 125 70
3850 8693 27 125 70
