2161 7860 20 146 60
2161 7860 58 146 60
2161 7860 110 146 60
2194 7850 175 146 60
2227 7868 208 146 60
2272 7898 245 146 60
2327 7944 294 146 60
2375 8000 337 146 60
2418 8056 371 146 60
2464 8111 379 146 60
2504 8166 425 148 60
2540 8254 471 149 59
2551 8310 509 149 59
2546 8344 524 150 58
2531 8359 540 152 59
2513 8368 540 153 58
2495 8368 526 153 58
2474 8338 516 153 58
2445 8298 516 154 57
2411 8225 515 154 57
2402 8150 518 154 57
2395 8069 519 153 58
2416 7986 521 153 58
2456 7922 526 151 58
2493 7870 529 150 58
2529 7837 533 150 58
2563 7827 564 152 59
2573 7832 597 152 59
2573 7847 611 152 59
2550 7873 597 153 59
2477 7906 580 153 59
2369 7915 554 153 59
2182 7889 560 154 58
1960 7840 580 154 58
1714 7791 595 154 58
1529 7758 603 153 59
1419 7736 661 153 59
1359 7726 678 153 59
1345 7726 679 152 60
1375 7726 678 150 60
1433 7733 678 150 60
1579 7748 678 150 60
1777 7767 669 151 61
2010 7810 676 151 61
2272 7880 707 151 61
2563 7968 756 154 60
2874 8088 833 154 60
3195 8168 854 157 60
3438 8221 855 157 60
3628 8231 727 157 59
3628 8231 0 159 59
3812 8189 0 160 58
3840 8239 0 160 58
3847 8335 0 160 58
3857 8462 0 160 58
3840 8517 0 158 58
3803 8560 0 158 58
3662 8594 0 157 58
3484 8587 0 157 58
3281 8566 0 157 58
3107 8535 0 157 58
2969 8505 0 157 58
2856 8472 0 157 58
2777 8434 0 157 58
2703 8389 0 154 57
2682 8344 0 149 56
2695 8301 0 143 55
2721 8255 0 136 54
2750 8209 0 134 52
2762 8160 0 133 52
2762 8106 0 133 52
2751 8049 0 130 53
2733 7994 0 129 53
2709 7943 0 123 52
2679 7911 0 120 51
2658 7892 0 119 49
2648 7892 0 122 48
2638 7892 0 127 51
2621 7906 0 134 52
2600 7928 0 140 54
2591 7950 0 146 55
2583 7973 0 151 56
2575 7993 0 155 58
2566 8012 0 156 59
2555 8029 0 156 61
2546 8048 0 155 62
2528 8069 0 154 63
2504 8090 0 150 64
2476 8110 0 148 63
2448 8132 0 146 63
2420 8156 0 144 62
2394 8190 0 146 62
2363 8224 0 144 61
2328 8259 0 144 60
2298 8269 0 145 59
2273 8310 0 144 58
2258 8371 0 144 58
2258 8345 0 146 57
2258 8358 0 144 57
2258 8358 139 145 56
2297 8397 153 145 56
2268 8392 191 144 56
2268 8367 277 145 55
2262 8331 344 145 55
2252 8275 412 145 55
2236 8201 448 145 55
2225 8115 465 145 55
2231 8044 469 145 55
2248 7998 475 144 56
2290 7969 509 144 56
2347 7978 561 144 56
2413 8022 570 144 56
2487 8090 591 144 56
2553 8179 591 145 56
2594 8250 606 145 56
2620 8309 644 145 56
2608 8328 664 147 56
2578 8317 667 149 56
2535 8286 671 149 56
2483 8219 668 150 55
2440 8147 673 150 55
2403 8078 664 150 55
2403 8012 667 149 56
2403 7971 675 149 56
2425 7945 687 148 56
2456 7930 690 147 56
2495 7950 691 147 56
2568 8015 705 145 56
2664 8109 714 146 57
2764 8225 717 146 57
2832 8347 724 147 58
2878 8472 725 150 57
2878 8565 783 151 58
2843 8598 788 153 58
2795 8592 791 154 57
2725 8537 797 155 58
2657 8449 802 155 58
2590 8339 809 155 58
2555 8214 818 154 57
2525 8067 848 154 57
2503 7906 875 152 57
2488 7752 896 152 57
2476 7630 897 150 57
2484 7529 893 150 57
2509 7467 857 150 57
2544 7449 817 148 57
2573 7460 722 150 57
2593 7503 610 150 57
2608 7552 339 150 57
2608 7552 0 150 57
2555 7632 0 150 57
2503 7650 0 151 56
2452 7661 0 151 56
2403 7685 0 151 56
2358 7714 0 151 56
2319 7746 0 151 56
2287 7771 0 149 56
2263 7792 0 150 55
2246 7805 0 150 55
2205 7797 0 149 55
2149 7776 0 150 54
2083 7749 0 150 54
2035 7722 0 149 55
2035 7722 139 149 55
2035 7722 200 149 55
2035 7722 315 149 56
2107 7714 441 148 57
2194 7726 564 148 57
2326 7762 611 148 57
2479 7811 653 150 57
2645 7868 666 150 57
2822 7923 664 151 58
2956 7974 643 152 57
3060 7999 545 154 57
3098 8008 304 154 57
3098 8008 0 154 56
3069 7985 0 155 58
2988 7961 0 155 58
2879 7931 0 155 58
2750 7902 0 154 57
2615 7873 0 154 57
2482 7831 0 152 57
2349 7788 0 152 57
2349 7788 431 152 57
2166 7715 485 151 56
2140 7707 522 151 56
2156 7694 586 151 56
2204 7680 687 150 57
2303 7685 751 150 57
2436 7703 796 150 57
2608 7742 791 151 58
2768 7788 797 151 58
2920 7839 754 152 57
3017 7871 659 152 57
3060 7884 428 153 56
3060 7884 0 153 56
3058 7884 0 153 56
3020 7877 0 154 55
2963 7877 0 154 55
2909 7887 0 154 55
2870 7887 0 153 54
2840 7895 0 151 54
2829 7901 0 151 54
2821 7907 0 151 54
2821 7907 0 150 54
2813 7907 0 151 53
2799 7907 0 151 53
2790 7914 0 149 53
2790 7921 0 149 53
2800 7934 0 149 53
2800 7946 0 148 54
2806 7972 0 150 54
2811 8009 0 149 55
2817 8045 0 148 56
2826 8079 0 149 56
2837 8108 0 150 57
2837 8108 250 151 58
2837 8108 369 151 58
2835 8135 415 153 58
2835 8135 443 154 58
2835 8127 472 154 58
2827 8115 537 157 58
2813 8086 553 157 58
2804 8064 551 157 58
2804 8048 546 157 57
2804 8032 519 157 58
2811 8032 486 157 58
2824 8038 388 157 58
2853 8069 324 157 58
2892 8103 185 157 58
2912 8138 181 157 58
2922 8160 245 157 58
2922 8160 344 157 58
2922 8155 460 155 58
2906 8129 565 156 57
2890 8097 602 156 57
2873 8060 634 157 57
2859 8022 647 157 57
2851 7991 638 157 58
2851 7972 543 158 58
2851 7961 259 158 58
2851 7961 0 157 59
2871 7969 0 157 59
2880 7990 0 157 60
2880 8005 0 157 60
2880 8005 0 155 60
2880 7992 0 152 60
2875 7977 0 151 60
2870 7962 0 149 59
2852 7946 0 147 59
2827 7929 0 146 58
2798 7911 0 144 58
2771 7898 0 146 57
2762 7888 0 144 57
2762 7888 0 145 56
2762 7888 223 148 56
2762 7888 277 149 55
2762 7888 362 149 55
2762 7888 501 150 55
2781 7852 603 149 56
2781 7831 647 151 56
2790 7809 656 151 56
2790 7788 668 151 58
2790 7774 664 151 58
2790 7766 641 151 58
2798 7766 624 150 58
2809 7787 603 150 58
2848 7820 602 150 58
2905 7852 609 150 58
2917 7852 630 150 58
2905 7837 711 150 58
2876 7793 811 151 58
2830 7731 864 151 58
2774 7656 882 151 58
2711 7590 872 151 58
2693 7546 642 151 58
