2376 8533 42 140 55
2397 8640 173 141 56
2397 8695 247 141 56
2384 8726 348 141 56
2377 8726 391 141 56
2370 8708 444 141 56
2363 8644 527 141 56
2348 8522 583 141 56
2325 8362 638 141 56
2296 8193 703 141 56
2273 8011 758 143 55
2266 7821 770 143 55
2266 7687 779 143 55
2284 7611 779 143 55
2327 7575 796 143 55
2390 7610 783 143 55
2483 7727 796 143 56
2580 7899 796 143 56
2680 8116 784 143 56
2733 8299 797 144 57
2728 8460 790 144 57
2684 8558 783 147 56
2576 8558 791 147 56
2410 8484 787 148 56
2205 8318 783 150 55
1991 8115 796 151 54
1811 7887 818 151 54
1769 7767 818 151 54
1808 7723 824 152 54
1938 7729 863 152 54
2198 7825 887 152 54
2544 7980 908 153 54
2914 8174 964 153 54
3237 8323 982 153 54
3529 8432 982 155 54
3656 8515 986 156 53
3691 8527 977 157 54
3664 8527 935 158 54
3643 8516 902 160 53
3591 8516 852 162 54
3518 8526 714 162 54
3465 8533 439 162 54
3465 8533 0 162 54
3399 8519 0 162 54
3373 8497 0 160 53
3349 8484 0 160 53
3328 8475 0 159 53
3307 8470 0 159 53
3279 8453 0 159 53
3245 8435 0 158 53
3200 8414 0 158 53
3142 8389 0 158 52
3076 8360 0 157 52
3001 8335 0 157 52
2927 8311 0 157 52
2859 8288 0 157 52
2816 8276 0 157 52
2788 8271 0 158 52
2794 8281 0 158 52
2803 8297 0 158 52
2817 8317 0 160 52
2835 8336 0 160 52
2855 8357 0 160 52
2855 8357 108 161 52
2887 8392 287 161 52
2887 8402 440 162 53
2893 8407 564 162 53
2893 8407 642 162 53
2893 8407 676 162 53
2893 8407 693 162 53
2885 8407 699 162 53
2863 8394 699 162 53
2830 8371 707 162 53
2815 8336 708 162 53
2802 8297 719 162 53
2797 8252 719 161 52
2803 8213 728 161 52
2815 8193 721 160 53
2831 8184 734 159 53
2866 8194 746 159 53
2914 8228 746 159 53
2943 8279 752 159 53
2964 8329 751 160 53
2980 8379 768 160 53
2995 8402 779 160 53
3000 8409 768 162 54
3000 8404 757 162 54
2995 8395 761 162 53
2995 8381 761 164 53
2995 8359 758 164 53
2990 8333 757 164 52
2990 8300 757 164 52
2979 8272 757 164 52
2979 8264 760 164 53
2979 8264 768 164 53
2979 8281 760 164 53
2986 8318 754 162 53
2986 8371 759 162 53
2992 8411 777 162 53
2983 8433 791 161 52
2975 8444 787 161 52
2975 8444 784 162 53
2975 8444 794 162 53
2975 8444 788 162 53
2984 8439 787 162 53
3010 8428 784 162 53
3046 8412 787 163 52
3081 8392 793 163 52
3117 8373 787 162 53
3148 8354 802 162 53
3174 8335 800 162 53
3184 8327 815 161 52
3184 8327 817 161 52
3170 8327 832 161 52
3131 8327 832 161 52
3086 8327 832 161 52
3037 8327 818 161 52
3016 8317 824 161 52
2999 8317 817 161 52
2990 8312 809 161 52
2990 8312 806 162 52
2990 8312 803 162 52
3007 8312 806 162 52
3037 8321 806 162 52
3077 8332 818 162 52
3114 8344 817 161 52
3138 8362 830 161 52
3153 8384 845 161 52
3167 8408 858 161 52
3175 8430 861 162 52
3175 8450 867 162 52
3175 8464 854 162 52
3175 8471 869 162 52
3175 8471 854 162 52
3175 8471 825 162 52
3180 8471 822 162 52
3180 8453 825 162 52
3187 8430 837 162 52
3187 8416 858 162 52
3178 8409 872 162 52
3178 8409 894 162 52
3178 8409 896 162 52
3178 8431 894 161 52
3178 8459 891 161 52
3178 8490 890 161 52
3188 8514 885 161 52
3202 8527 881 160 52
3214 8534 881 160 52
3237 8534 869 160 52
3267 8539 869 158 52
3281 8539 851 158 52
3289 8529 828 158 52
3289 8518 817 158 52
3289 8502 825 158 52
3273 8482 830 158 52
3244 8458 836 160 52
3209 8433 837 160 51
3180 8423 842 160 51
3174 8423 840 162 52
3180 8423 839 162 52
3189 8433 837 162 52
3216 8444 821 162 52
3256 8450 817 162 52
3285 8450 818 162 52
3309 8450 824 162 52
3330 8441 828 162 52
3350 8431 824 162 52
3357 8420 818 162 52
3357 8409 817 163 52
3343 8388 817 163 52
3323 8364 819 163 52
3298 8335 818 164 51
3268 8312 818 164 51
3242 8306 819 164 51
3225 8306 822 164 51
3225 8320 825 163 52
3225 8333 822 163 52
3233 8347 822 163 52
3260 8360 828 163 52
3299 8372 848 163 52
3338 8385 858 163 52
3374 8408 867 163 52
3411 8436 870 163 52
3441 8471 876 163 52
3464 8504 908 163 52
3471 8531 906 163 52
3471 8550 905 163 52
3471 8562 899 163 52
3464 8567 893 163 52
3464 8567 885 163 52
3464 8547 890 163 52
3464 8518 903 163 52
3458 8495 899 163 52
3458 8484 912 163 52
3458 8484 930 163 52
3458 8484 932 163 52
3484 8519 912 163 52
3520 8568 899 163 52
3533 8597 894 163 52
3538 8606 846 163 52
3538 8606 796 163 52
3532 8582 785 163 52
3532 8557 818 163 52
3532 8525 866 164 52
3546 8491 905 164 52
3558 8458 906 164 52
3567 8442 887 164 52
3572 8436 839 164 52
3565 8436 578 166 52
