2454 8275 51 153 54
2454 8275 100 155 54
2454 8275 180 155 54
2470 8300 233 155 54
2470 8308 291 156 55
2470 8316 329 156 55
2470 8327 398 158 55
2463 8339 435 158 55
2454 8346 496 160 54
2439 8352 524 160 54
2419 8357 559 160 54
2392 8357 574 160 54
2348 8351 578 160 54
2293 8333 592 159 55
2232 8306 594 159 55
2175 8276 589 159 55
2128 8244 586 159 55
2096 8199 586 159 55
2073 8151 564 159 55
2066 8096 565 158 55
2061 8038 539 157 56
2080 7979 533 157 56
2113 7921 527 157 56
2165 7885 524 155 55
2240 7866 522 155 55
2331 7866 499 155 55
2429 7879 495 155 55
2529 7902 477 157 56
2631 7944 474 158 55
2731 7998 446 158 55
2817 8059 413 159 55
2894 8124 399 160 54
2954 8188 388 161 55
2986 8249 407 161 55
3000 8307 438 161 55
3000 8356 452 163 55
2962 8398 491 163 55
2906 8434 499 163 55
2804 8462 518 163 55
2667 8482 527 163 55
2507 8497 544 163 55
2340 8497 540 162 56
2161 8478 557 162 56
1975 8445 553 162 56
1823 8406 562 162 56
1689 8357 559 160 55
1567 8304 562 160 56
1489 8255 562 160 56
1449 8209 546 158 56
1433 8168 537 158 56
1440 8122 524 158 56
1461 8069 515 156 57
1491 8018 504 156 57
1544 7978 502 156 57
1644 7945 489 154 57
1775 7945 480 154 57
1925 7965 450 154 57
2088 8002 440 154 57
2260 8038 441 155 58
2387 8072 446 155 58
2482 8103 442 155 58
2556 8133 452 157 57
2610 8164 465 157 57
2644 8201 488 158 56
2664 8241 515 160 56
2658 8279 522 160 56
2622 8323 536 160 55
2567 8371 546 162 56
2473 8410 543 162 56
2328 8432 540 163 55
2149 8442 537 163 56
1922 8426 543 163 56
1686 8391 553 163 56
1445 8343 548 163 56
1234 8295 540 161 57
1062 8250 543 160 56
916 8206 546 158 56
894 8190 524 156 57
932 8171 515 154 56
1010 8147 524 153 56
1134 8136 533 151 56
1284 8136 539 151 56
1451 8144 543 151 56
1672 8152 540 152 57
1934 8158 536 154 56
2223 8169 542 156 57
2527 8185 548 158 56
2833 8185 550 160 56
3089 8185 557 162 56
3310 8192 562 163 56
3484 8192 567 164 55
3612 8192 567 165 55
3709 8198 574 165 55
3778 8198 577 166 54
3819 8204 583 167 54
3841 8204 595 167 54
3841 8210 605 168 53
3831 8210 595 168 53
3812 8210 519 168 53
3765 8210 344 168 53
3765 8210 0 168 53
3622 8210 0 168 53
3544 8225 0 167 54
3472 8252 0 167 54
3436 8273 0 167 54
3422 8292 0 167 54
3442 8304 0 166 54
3465 8309 0 166 54
3465 8304 0 166 54
3446 8291 0 165 55
3432 8270 0 165 55
3418 8246 0 165 55
3407 8223 0 165 55
3401 8207 0 165 55
3401 8195 0 164 55
3407 8195 0 164 55
3413 8205 0 163 55
3413 8214 0 163 55
3413 8214 0 161 55
3402 8209 0 161 55
3390 8197 0 161 55
3377 8181 0 160 54
3363 8170 0 160 54
3353 8162 0 160 54
3353 8157 0 160 54
3353 8157 0 160 54
3360 8157 0 160 54
3366 8163 0 160 54
3375 8163 0 160 54
3380 8169 0 158 54
3380 8169 0 158 55
3380 8177 0 158 55
3380 8184 0 158 55
3374 8192 0 159 55
3369 8198 0 159 55
3369 8198 0 159 55
3369 8191 0 159 55
3369 8191 0 159 55
3385 8176 0 159 55
3400 8167 0 159 55
3416 8160 0 159 55
3425 8151 0 159 55
3430 8151 0 158 56
3430 8151 0 158 56
3430 8156 0 158 56
3430 8164 0 158 56
3430 8175 0 158 56
3430 8183 0 158 56
3430 8191 0 158 56
3430 8197 0 158 56
3430 8203 0 160 55
3430 8203 0 160 55
3439 8203 0 160 55
3451 8208 0 160 55
3469 8208 0 160 55
3479 8208 0 160 55
3479 8208 0 160 55
3485 8208 0 162 56
3485 8215 0 162 56
3480 8234 0 162 56
3480 8254 0 162 56
3487 8273 0 163 56
3493 8294 0 163 56
3501 8303 0 163 56
3507 8303 0 163 56
3507 8303 0 164 55
3499 8303 0 164 55
3486 8296 0 164 55
3473 8287 0 163 55
3461 8277 0 163 55
3446 8269 0 161 55
3430 8262 0 160 55
3410 8250 0 159 55
3395 8237 0 158 55
3383 8222 0 158 55
3370 8205 0 158 55
3362 8196 0 156 55
3362 8191 0 156 55
3368 8191 0 156 55
3373 8199 0 156 55
3373 8207 0 156 55
3373 8212 0 156 55
3362 8212 0 156 55
3353 8212 0 156 55
3353 8212 68 156 55
3326 8206 119 155 54
3318 8211 137 156 53
3313 8226 149 156 53
3313 8232 173 156 53
3313 8243 244 156 53
3308 8257 287 156 53
3308 8262 315 156 53
3308 8262 363 156 53
3308 8267 369 156 53
3308 8267 381 157 54
3308 8257 399 157 54
3313 8246 402 157 54
3313 8230 418 157 54
3321 8207 420 157 54
3321 8182 425 157 54
3312 8149 418 157 54
3297 8110 415 157 54
3292 8083 356 157 54
3292 8063 200 156 55
3292 8063 0 156 55
3292 8035 0 156 55
3286 8048 0 156 55
3304 8079 0 155 55
3327 8118 0 155 55
3366 8163 0 155 55
3415 8211 0 155 55
3458 8238 0 157 56
3485 8262 0 158 55
3502 8269 0 158 55
3502 8269 0 158 55
3495 8258 0 158 55
3495 8258 180 158 55
3469 8258 196 158 54
3458 8276 202 158 54
3451 8276 254 158 54
3451 8276 339 158 54
3445 8276 384 158 54
3445 8276 398 157 54
3438 8276 394 157 54
3438 8264 399 158 54
3438 8254 402 158 54
3445 8241 412 158 54
3445 8222 414 158 54
3452 8195 420 158 54
3452 8169 423 158 54
3452 8145 420 158 54
3442 8122 415 158 54
3451 8098 349 158 55
3456 8081 222 158 55
3456 8081 0 158 55
3465 8070 0 158 55
3475 8090 0 158 55
3490 8119 0 158 55
3511 8160 0 158 55
3541 8199 0 158 55
3576 8232 0 159 55
3612 8259 0 159 55
3641 8276 0 159 55
3667 8283 0 161 55
3678 8283 0 161 55
3678 8270 0 163 55
3678 8270 173 163 54
3658 8241 279 163 54
3648 8247 277 163 54
3642 8266 311 163 54
3642 8266 366 163 54
3642 8271 420 163 54
3637 8271 425 162 54
3637 8266 418 163 54
3643 8256 420 163 54
3643 8242 435 163 54
3651 8221 433 163 54
3651 8194 433 163 54
3651 8175 435 162 54
3651 8156 428 162 54
3644 8137 415 161 55
3638 8121 349 161 55
3638 8103 198 161 55
