1972 8231 85 141 59
1972 8231 101 143 59
1983 8259 107 143 59
1983 8259 139 143 59
1983 8259 172 146 58
1983 8226 214 146 58
1983 8181 256 146 58
1988 8106 281 146 58
2005 8001 311 146 58
2033 7877 324 146 58
2063 7775 339 145 59
2098 7695 349 145 59
2137 7629 366 145 59
2174 7585 387 145 59
2205 7563 388 144 60
2233 7557 399 144 60
2247 7557 413 142 59
2253 7575 415 142 59
2253 7603 418 143 59
2219 7655 423 143 59
2136 7707 402 143 59
2020 7737 396 144 60
1854 7752 392 144 60
1658 7745 396 144 60
1443 7721 415 144 60
1240 7687 449 145 60
1043 7647 485 144 61
933 7626 515 144 61
879 7618 515 144 61
903 7618 526 144 61
1024 7639 537 144 61
1210 7673 567 143 62
1457 7717 581 144 62
1786 7759 594 144 62
2169 7798 588 144 62
2534 7831 594 146 62
2861 7860 594 146 62
3162 7871 594 147 61
3402 7871 577 147 61
3564 7871 515 148 60
3673 7876 387 149 59
3708 7876 247 150 58
3708 7876 0 151 58
3645 7931 0 151 58
3562 7970 0 152 57
3443 8008 0 151 58
3299 8046 0 151 58
3168 8071 0 150 58
3065 8091 0 147 59
2981 8106 0 146 60
2894 8119 0 144 60
2805 8109 0 141 60
2714 8099 0 138 60
2612 8077 0 135 60
2497 8047 0 132 60
2372 8016 0 131 61
2262 7983 0 129 61
2159 7949 0 129 61
2067 7915 0 132 61
1997 7884 0 135 60
1941 7854 0 136 60
1846 7834 0 139 58
1777 7817 0 140 56
1726 7802 0 143 55
1677 7786 0 142 54
1632 7794 0 145 54
1613 7817 0 146 53
1613 7838 0 146 54
1619 7869 0 145 55
1653 7906 0 146 55
1702 7943 0 145 56
1767 7985 0 144 57
1832 8030 0 144 58
1914 8066 0 143 59
2007 8101 0 141 59
2105 8137 0 139 60
2198 8175 0 139 60
2288 8207 0 139 60
2365 8233 0 139 60
2365 8233 20 141 60
2443 8269 132 142 59
2426 8286 143 143 59
2364 8304 168 146 58
2273 8304 218 146 58
2136 8279 246 147 58
1950 8243 262 149 58
1730 8163 294 147 59
1492 8046 363 147 59
1276 7905 425 147 59
1074 7775 440 146 60
942 7671 460 146 60
902 7584 467 145 60
923 7516 492 145 60
1033 7459 512 144 61
1224 7410 540 144 61
1470 7397 570 144 61
1797 7408 592 142 61
2150 7436 605 142 61
2521 7449 611 144 60
2858 7468 608 144 60
3123 7492 602 145 59
3340 7517 592 145 59
3471 7540 577 146 58
3523 7558 580 146 58
3523 7572 564 146 58
3493 7587 483 146 57
3434 7603 322 146 57
3355 7611 48 146 57
3355 7611 0 146 57
3130 7611 0 146 57
3026 7618 0 146 57
2954 7634 0 146 57
2887 7634 0 144 57
2837 7658 0 145 56
2795 7653 0 144 56
2739 7623 0 144 54
2662 7628 0 143 53
2570 7598 0 145 53
2475 7545 0 146 52
2383 7504 0 146 52
2298 7463 0 146 52
2229 7432 0 146 52
2170 7408 0 146 53
2095 7394 0 145 54
2018 7379 0 144 54
1940 7364 0 143 55
1881 7347 0 140 55
1845 7336 0 139 55
1823 7329 0 136 55
1823 7299 0 136 55
1818 7320 0 135 55
1832 7375 0 135 55
1855 7401 0 135 55
1877 7428 0 135 55
1894 7455 0 136 56
1908 7481 0 136 56
1927 7506 0 136 56
1942 7529 0 136 56
1954 7546 0 138 57
1965 7559 0 138 57
1965 7559 58 138 57
1965 7559 291 139 57
1985 7612 299 139 57
1967 7639 314 140 58
1935 7658 345 139 58
1895 7671 369 141 59
1832 7657 391 141 59
1770 7627 399 142 59
1708 7590 396 142 59
1691 7557 394 142 59
1704 7532 391 142 59
1736 7510 387 144 60
1796 7499 387 144 60
1862 7499 376 144 60
1913 7509 364 144 60
1951 7516 372 144 60
1960 7522 382 142 59
1941 7522 388 142 59
1902 7522 404 144 60
1847 7522 412 144 60
1795 7522 413 144 60
1751 7522 396 144 60
1735 7522 309 144 60
1735 7522 132 144 60
1735 7522 0 144 60
1797 7560 0 144 60
1859 7590 0 144 60
1924 7606 0 144 60
1924 7606 49 144 60
2041 7618 142 144 60
2083 7605 212 144 60
2114 7578 281 142 59
2135 7532 319 142 59
2148 7465 351 141 59
2148 7384 353 142 58
2141 7307 353 140 58
2126 7255 335 140 58
2116 7219 244 140 58
2102 7195 49 139 57
2102 7195 0 139 57
2067 7209 0 139 57
2054 7253 0 139 57
2054 7311 0 138 57
2061 7378 0 138 57
2076 7456 0 138 57
2076 7456 156 138 57
2120 7579 200 139 57
2145 7612 244 139 57
2170 7630 301 139 57
2207 7645 391 140 58
2246 7639 449 140 58
2283 7619 468 140 58
2308 7587 464 140 58
2327 7547 468 140 58
2336 7502 468 140 58
2336 7470 455 140 58
2331 7450 396 140 58
2324 7437 307 140 58
2319 7447 78 140 58
2319 7447 0 140 58
2319 7538 0 142 57
2329 7589 0 140 58
2329 7589 96 140 58
2329 7624 246 140 58
2329 7624 310 140 58
2335 7624 402 140 58
2340 7611 448 140 58
2350 7596 442 142 58
2362 7583 436 142 58
2372 7578 305 142 58
2372 7578 0 142 58
2378 7578 0 142 58
2378 7610 0 142 58
2370 7657 0 142 58
2361 7706 0 142 58
2361 7757 0 143 57
2374 7809 0 143 57
2374 7844 0 143 57
2374 7863 0 144 57
2374 7863 333 144 57
2352 7893 343 144 57
2341 7914 389 144 57
2341 7920 402 146 57
2341 7920 402 146 57
2349 7911 396 146 57
2365 7885 276 146 57
2388 7845 58 146 57
2388 7845 0 144 58
2436 7741 0 144 58
2453 7696 0 146 58
2472 7668 0 145 59
2493 7645 0 145 59
2493 7645 168 145 59
2522 7617 253 145 59
2522 7612 330 145 59
2528 7612 381 145 59
2528 7604 443 145 59
2534 7604 483 145 59
2540 7595 499 146 58
2551 7583 504 146 58
2566 7567 512 146 58
2596 7553 510 146 58
2635 7539 504 146 58
2679 7528 475 146 58
2733 7528 415 146 58
2794 7540 377 146 58
2848 7559 371 146 58
2887 7584 366 146 58
2915 7612 379 146 58
2930 7636 431 146 58
2930 7655 468 146 58
2911 7667 497 146 58
2881 7674 527 146 58
2838 7665 553 146 58
2785 7648 556 146 58
2742 7620 556 146 58
2722 7591 546 146 58
2722 7561 515 146 58
2737 7546 471 144 58
2779 7538 304 144 58
2836 7545 98 144 58
2836 7545 0 144 58
2956 7585 0 144 58
3001 7611 0 146 57
3038 7633 0 146 57
3079 7648 0 146 57
3113 7655 0 146 57
3113 7655 148 144 57
3113 7655 256 144 57
3106 7684 314 144 57
3115 7694 367 142 57
3107 7704 394 142 57
3087 7704 418 143 57
3059 7704 428 143 57
3021 7695 441 143 57
2989 7683 449 143 57
2960 7667 448 143 57
2960 7650 448 144 58
2978 7639 443 144 58
3005 7625 441 144 58
3061 7615 440 144 58
3122 7607 438 143 57
3188 7600 440 143 57
3241 7590 443 143 57
3285 7579 449 143 57
3306 7568 458 144 57
3316 7558 481 143 56
3316 7558 516 143 56
3316 7558 541 143 56
3316 7558 537 143 56
3316 7558 548 143 56
3347 7558 554 143 56
3390 7580 554 143 56
3472 7611 551 144 57
3558 7659 551 144 57
3650 7739 550 144 57
3709 7840 561 146 57
3747 7984 577 147 58
3698 8139 606 149 58
3560 8302 614 150 57
3362 8421 616 151 58
3056 8486 585 153 58
2671 8515 591 153 58
2234 8475 606 154 57
1814 8416 617 154 57
1502 8344 620 154 57
1262 8232 605 153 58
1120 8070 567 153 58
1064 7874 570 150 58
1064 7728 564 149 59
1160 7608 567 146 60
1286 7506 567 145 60
1433 7436 572 144 60
1597 7401 586 144 60
1730 7389 594 142 59
1841 7395 617 142 59
1906 7407 694 142 59
1929 7423 750 142 59
1924 7417 788 142 59
1924 7417 794 142 59
1924 7417 796 142 59
1924 7417 785 143 59
1924 7417 730 143 59
1924 7417 624 143 59
1940 7417 161 143 59
