1083 7827 53 177 52
1083 7827 63 176 53
1083 7827 113 176 53
1069 7787 182 176 54
1069 7766 220 175 54
1069 7743 259 174 55
1069 7717 277 174 55
1078 7686 320 174 55
1084 7652 361 174 55
1099 7619 393 173 55
1115 7586 430 173 55
1130 7554 452 173 55
1164 7530 483 173 55
1200 7513 514 173 55
1238 7500 513 171 55
1278 7500 524 171 55
1324 7500 524 171 55
1373 7506 518 170 54
1410 7517 489 170 54
1438 7528 418 170 54
1459 7541 277 172 54
1469 7554 54 172 54
1469 7554 0 172 54
1460 7590 0 173 54
1438 7611 0 173 54
1408 7631 0 175 54
1385 7646 0 175 54
1360 7657 0 175 54
1331 7668 0 175 53
1303 7680 0 175 53
1275 7686 0 175 53
1250 7686 0 175 53
1223 7680 0 175 53
1223 7680 50 173 53
1175 7658 181 173 54
1163 7658 282 173 54
1163 7658 363 172 54
1163 7658 439 171 55
1172 7658 486 171 55
1178 7658 499 170 55
1178 7663 507 170 56
1203 7668 514 170 56
1242 7676 512 170 56
1292 7676 496 170 56
1323 7682 394 170 56
1354 7687 228 170 56
1354 7687 0 170 56
1411 7705 0 171 55
1420 7722 0 171 55
1420 7744 0 171 55
1404 7766 0 173 55
1381 7783 0 173 55
1352 7795 0 173 55
1314 7802 0 174 55
1272 7808 0 175 54
1228 7808 0 175 54
1179 7808 0 175 54
1132 7808 0 175 53
1086 7794 0 173 53
1086 7794 117 173 54
1052 7781 173 173 54
1057 7781 245 173 54
1065 7781 312 171 55
1078 7790 364 171 55
1101 7795 412 171 55
1133 7800 433 171 55
1175 7807 446 171 55
1224 7813 448 170 55
1277 7820 441 170 55
1321 7826 412 170 55
1360 7826 309 170 55
1391 7826 68 170 54
1391 7826 0 170 54
1429 7826 0 172 54
1439 7826 0 172 54
1455 7826 0 172 53
1481 7826 0 173 53
1515 7819 0 175 53
1556 7809 0 176 53
1592 7795 0 177 53
1624 7781 0 179 52
1655 7768 0 179 52
1678 7755 0 180 52
1696 7745 0 180 51
1702 7737 0 180 51
1702 7737 0 181 51
1702 7737 0 181 52
1697 7737 0 180 52
1697 7737 50 180 52
1660 7737 112 180 53
1632 7742 182 180 54
1589 7742 239 180 54
1543 7733 294 180 55
1496 7723 311 179 55
1479 7711 317 179 56
1479 7704 324 177 56
1484 7699 369 176 56
1498 7692 379 174 56
1517 7685 391 174 56
1556 7676 397 174 56
1605 7665 409 174 56
1661 7653 415 174 55
1711 7637 415 176 55
1740 7622 420 177 55
1757 7607 430 179 55
1770 7592 443 179 55
1770 7582 474 180 55
1758 7571 491 180 55
1728 7560 514 181 54
1682 7550 516 181 54
1624 7543 518 181 54
1588 7538 515 180 54
1575 7538 489 180 54
1575 7538 440 180 54
1570 7543 305 179 54
1564 7555 86 179 54
1564 7555 0 177 54
1573 7586 0 177 54
1596 7612 0 177 54
1629 7645 0 177 54
1666 7684 0 177 54
1701 7726 0 179 54
1732 7775 0 179 53
1766 7827 0 180 53
1795 7880 0 180 52
1820 7928 0 181 52
1820 7947 0 181 51
1820 7947 51 182 51
1820 7947 215 182 51
1813 7913 218 184 50
1813 7906 287 185 50
1813 7865 335 185 51
1819 7821 367 185 51
1827 7768 391 186 51
1839 7710 394 186 52
1850 7652 400 187 53
1862 7608 404 187 53
1875 7574 405 187 54
1883 7549 396 187 54
1888 7539 366 187 54
1888 7539 366 187 54
1888 7549 353 187 54
1888 7561 327 187 54
1896 7576 307 187 54
1915 7594 305 187 53
1945 7612 307 187 53
1979 7628 312 187 54
2015 7645 317 187 54
2049 7663 330 187 54
2082 7685 334 187 54
2116 7714 339 187 54
2152 7749 337 187 54
2172 7783 329 187 54
2183 7820 317 187 54
2183 7858 317 187 54
2165 7884 319 187 54
2139 7906 327 187 53
2117 7921 337 187 53
2103 7921 337 186 52
2094 7910 343 186 52
2086 7887 373 186 52
2080 7862 396 187 51
2080 7828 405 188 52
2080 7790 425 188 52
2098 7754 444 188 52
2131 7718 450 188 53
2164 7682 460 188 53
2197 7646 469 188 53
2230 7616 474 187 54
2263 7590 465 187 54
2291 7577 467 187 54
2316 7571 465 185 54
2326 7571 464 185 54
2326 7576 418 185 54
2326 7596 394 185 53
2316 7626 388 185 53
2302 7644 399 185 53
2289 7657 397 185 53
2289 7663 423 185 53
2289 7663 433 185 53
2289 7663 448 185 53
2303 7663 449 185 54
2318 7655 449 185 54
2350 7646 449 185 54
2379 7633 440 185 54
2406 7618 445 184 54
2431 7603 450 184 54
2456 7590 469 184 54
2482 7582 473 184 53
2487 7577 465 183 53
2487 7571 483 183 53
2494 7571 496 183 53
2487 7581 509 183 53
2474 7594 514 183 53
2474 7594 519 183 53
2437 7638 520 183 53
2430 7662 519 183 53
2430 7686 541 183 53
2436 7708 556 183 53
2455 7725 570 183 54
2483 7743 561 183 54
2523 7758 560 183 54
2559 7770 543 183 54
2592 7775 441 183 54
2610 7775 134 183 54
2610 7775 0 183 54
2629 7757 0 183 54
2629 7757 0 183 54
2629 7757 0 183 53
2647 7757 0 184 53
2672 7749 0 184 52
2715 7749 0 185 51
2779 7770 0 185 50
2858 7778 0 184 48
2932 7778 0 183 46
3003 7770 0 183 44
3055 7764 0 182 42
3096 7752 0 182 40
3117 7739 0 181 39
3117 7726 0 181 38
3091 7714 0 181 38
3044 7707 0 181 39
3003 7707 0 181 41
2966 7683 0 181 42
2942 7692 0 182 44
2925 7722 0 182 46
2913 7722 0 182 47
2913 7722 0 182 49
2913 7733 0 182 50
2922 7743 0 182 51
2922 7755 0 182 51
2922 7772 0 183 52
2912 7793 0 183 52
2903 7821 0 183 52
2893 7858 0 183 52
2883 7901 0 181 51
2874 7946 0 181 51
2866 7980 0 181 51
2856 8006 0 181 51
2844 8020 0 181 51
2844 8020 107 182 51
2802 8025 125 182 51
2789 8033 139 182 51
2781 8033 196 183 52
2781 8007 242 183 52
2774 7970 281 183 52
2774 7912 312 181 53
2774 7852 341 181 53
2784 7787 366 181 52
2794 7725 392 181 52
2812 7674 422 181 52
2834 7630 418 181 52
2868 7600 431 181 52
2904 7581 444 181 52
2942 7569 439 181 52
2975 7575 449 181 52
3005 7590 449 181 52
3026 7610 436 183 52
3037 7640 413 183 52
3037 7670 389 183 52
3037 7700 391 184 52
3028 7731 396 184 52
3018 7747 388 184 52
3010 7759 404 184 53
3010 7759 407 184 53
3010 7759 413 184 53
3010 7749 423 184 53
3010 7727 443 184 53
3010 7696 448 184 53
3017 7668 468 184 53
3035 7639 473 184 53
3057 7618 472 184 53
3081 7603 486 184 53
3106 7592 495 184 53
3127 7592 492 184 53
3152 7592 492 184 52
3181 7607 492 184 52
3211 7628 489 184 52
3229 7656 486 184 52
3243 7687 483 183 52
3243 7716 495 183 52
3232 7737 494 183 52
3227 7748 513 183 52
3219 7748 519 183 53
3219 7748 527 183 53
3219 7742 544 183 53
3195 7722 542 183 53
3188 7694 554 184 53
3188 7668 556 184 53
3199 7642 557 184 53
3211 7622 546 183 53
3226 7605 494 183 53
3260 7590 302 183 53
3260 7590 0 183 52
3346 7584 0 183 52
3394 7597 0 183 52
3447 7621 0 181 52
3504 7653 0 181 52
3557 7680 0 181 52
3578 7707 0 181 51
3578 7730 0 181 51
3557 7751 0 181 51
3557 7751 105 181 50
3475 7773 167 181 51
3438 7779 244 181 51
3405 7779 301 181 51
3375 7767 348 181 52
3352 7749 400 181 52
3343 7724 438 181 52
3343 7698 460 181 52
3352 7672 477 181 52
3376 7642 489 181 52
3408 7619 502 181 52
3446 7602 515 181 52
3490 7597 519 181 52
3539 7597 520 180 52
3566 7612 522 180 52
3578 7631 488 180 52
3578 7658 414 180 52
3567 7690 325 180 52
3541 7720 225 180 52
3505 7745 155 180 52
3482 7751 107 180 52
3473 7751 99 180 52
3473 7730 96 180 52
3487 7712 90 180 53
3513 7693 117 180 53
3548 7679 141 180 53
3580 7668 161 180 53
3605 7668 180 180 53
3624 7673 200 180 52
3643 7681 222 180 52
3653 7701 211 180 52
3653 7727 228 180 52
3653 7756 260 180 52
3658 7768 314 180 52
3658 7776 329 181 52
3658 7776 344 181 52
3658 7770 371 181 52
3672 7759 376 183 53
3691 7747 389 183 53
3716 7737 404 183 53
3744 7726 428 183 53
3774 7718 447 183 53
3814 7708 460 183 53
3853 7703 460 183 53
3895 7703 466 183 53
3938 7703 465 184 53
3958 7712 465 184 53
3967 7724 461 185 53
3967 7735 443 185 52
3960 7750 443 186 52
3944 7768 444 186 52
3915 7783 443 186 52
3878 7793 443 188 52
3843 7793 442 186 52
3810 7793 450 186 52
3779 7776 460 186 52
3748 7756 466 185 52
3734 7734 472 185 52
3734 7713 496 184 52
3734 7689 502 184 52
3749 7661 513 183 52
3770 7638 522 183 52
3799 7619 529 183 52
3840 7611 530 183 52
3888 7611 529 183 52
3938 7619 519 183 52
3984 7636 512 184 52
4009 7658 480 184 52
4021 7684 450 185 52
4029 7713 433 185 52
4029 7743 431 186 52
4019 7763 441 186 52
4012 7778 440 186 52
4007 7783 448 188 52
4007 7783 455 188 52
3999 7773 473 188 52
3999 7759 485 188 52
3999 7740 504 188 52
3999 7720 516 188 52
4009 7698 522 188 52
4028 7677 540 188 52
4053 7658 545 188 52
4076 7645 551 188 52
4102 7638 561 188 52
4127 7638 567 188 52
4151 7638 561 188 52
4166 7650 561 188 52
4189 7670 561 188 52
4216 7692 564 188 52
4224 7717 572 188 52
4224 7745 581 188 52
4219 7761 592 188 52
4206 7772 586 188 52
4189 7772 589 188 52
4189 7772 600 188 52
4189 7765 614 188 52
4178 7752 613 189 52
4173 7734 628 189 52
4173 7711 634 189 52
4186 7686 630 188 52
4200 7662 585 188 52
4225 7638 481 188 52
4257 7621 173 188 52
4257 7621 0 188 52
4314 7608 0 186 52
4350 7616 0 186 52
4393 7639 0 186 52
4438 7665 0 186 51
4478 7689 0 186 51
4485 7713 0 186 51
4471 7728 0 186 50
4471 7728 129 186 50
4415 7747 210 186 51
4375 7754 265 186 51
4346 7761 340 186 51
4310 7751 407 186 52
4287 7738 443 186 52
4274 7720 483 186 52
4274 7698 510 186 52
4294 7673 540 186 52
4320 7648 551 186 52
4355 7629 561 186 52
4392 7614 561 186 52
4429 7614 569 186 52
4450 7614 572 186 52
4467 7622 581 186 52
4477 7639 575 186 51
4477 7666 559 186 51
4460 7701 522 186 51
4427 7723 473 186 51
4380 7728 275 186 51
4380 7728 0 186 52
4274 7716 0 186 52
4226 7711 0 188 52
4188 7711 0 188 52
4157 7711 0 188 52
4110 7716 0 186 51
4036 7716 0 186 50
3945 7707 0 186 49
3803 7692 0 184 48
3635 7673 0 184 46
3450 7638 0 183 45
3292 7600 0 182 44
3142 7553 0 181 44
2998 7500 0 180 44
2854 7445 0 180 44
2685 7386 0 179 45
2500 7325 0 178 47
2386 7289 0 177 48
2288 7270 0 175 50
2201 7275 0 174 52
2128 7290 0 173 53
2071 7311 0 171 55
2025 7327 0 171 56
1978 7344 0 171 56
1934 7361 0 171 56
1882 7379 0 171 56
1824 7385 0 171 56
1765 7385 0 171 56
1699 7385 0 173 56
1628 7385 0 173 56
1571 7378 0 173 56
1529 7378 0 173 56
1497 7370 0 173 56
1469 7370 0 172 57
1443 7365 0 172 57
1422 7365 0 172 57
1402 7357 0 172 57
1375 7349 0 171 57
1345 7342 0 169 57
1345 7342 134 169 58
1295 7335 146 167 57
1277 7341 153 166 57
1265 7341 196 166 57
1265 7341 292 164 57
1275 7332 353 164 57
1321 7323 396 164 57
1389 7314 420 163 57
1504 7308 469 164 57
1667 7308 518 164 57
1862 7314 543 166 57
2065 7320 563 167 57
2290 7320 586 167 57
2530 7327 594 169 58
2790 7340 602 170 58
3013 7361 603 172 58
3212 7397 603 174 58
3393 7459 611 174 57
3541 7538 613 175 57
3667 7631 610 175 57
3770 7738 622 175 57
3814 7854 631 177 57
3814 7944 636 177 56
3769 8030 624 179 56
3666 8114 613 180 56
3528 8175 610 180 56
3351 8220 613 180 56
3145 8255 572 180 56
2919 8266 540 181 56
2663 8271 521 180 56
2415 8266 492 180 57
2173 8234 491 180 57
1966 8185 485 180 57
1819 8115 470 180 58
1713 8022 465 180 58
1680 7914 452 180 59
1711 7809 447 180 59
1784 7707 443 180 60
1894 7606 446 180 60
2004 7514 439 180 60
2116 7431 448 180 60
2237 7354 468 178 59
2365 7319 464 178 59
2467 7319 485 178 59
2537 7348 491 177 59
2586 7419 509 177 58
2616 7520 530 177 58
2630 7641 535 177 58
2630 7777 527 177 58
2619 7929 522 177 58
2608 8091 530 178 58
2598 8225 538 178 58
2598 8309 540 180 58
2616 8361 546 180 58
2642 8375 546 180 58
2668 8359 545 180 57
2731 8324 546 180 57
2817 8264 548 180 57
2912 8174 546 180 57
3010 8065 545 180 57
3113 7924 550 180 57
3230 7801 556 180 57
3357 7690 554 180 57
3454 7601 554 178 57
3524 7534 553 178 57
3577 7483 545 177 57
3577 7444 544 177 57
3549 7427 538 175 57
3495 7427 502 176 56
3392 7439 485 176 56
3227 7471 431 176 56
3021 7517 405 176 56
2774 7566 389 177 56
2503 7615 413 177 56
2216 7660 420 177 57
1999 7686 415 177 57
1838 7699 415 178 57
1715 7699 422 178 58
1626 7699 422 178 59
1591 7688 422 178 59
1591 7668 443 178 60
1626 7630 488 178 60
1734 7589 522 177 60
1890 7557 538 177 60
2125 7532 562 177 60
2411 7518 595 177 59
2730 7503 641 175 59
3068 7488 673 175 58
3410 7474 682 175 58
3754 7463 693 175 57
4025 7453 697 175 57
4256 7438 693 176 56
4459 7427 691 176 56
4568 7418 675 176 55
4605 7418 652 176 55
4605 7418 609 177 55
4550 7418 496 177 54
4461 7425 392 177 54
4343 7431 270 177 54
4209 7431 103 179 53
4209 7431 0 179 54
3955 7425 0 179 54
3837 7419 0 179 54
3756 7419 0 179 54
3697 7419 0 179 54
3678 7426 0 180 54
3678 7426 0 180 54
3702 7442 0 180 54
3743 7461 0 180 53
3789 7485 0 180 53
3829 7509 0 180 53
3862 7527 0 179 53
3871 7535 0 179 53
3871 7541 0 179 53
3871 7541 108 177 53
3871 7541 139 177 54
3840 7529 193 177 54
3818 7513 254 177 54
3788 7481 309 177 54
3774 7446 361 177 54
3774 7414 423 177 55
3789 7394 471 177 55
3816 7380 494 177 55
3845 7370 522 177 55
3888 7376 533 177 54
3940 7392 537 177 54
3990 7418 543 177 54
4039 7452 544 177 54
4082 7491 540 177 54
4099 7520 560 177 54
4099 7546 591 177 54
4093 7546 595 177 54
4087 7535 617 177 54
4087 7523 636 177 54
4058 7494 668 177 54
4037 7454 678 177 54
4024 7424 700 177 54
4029 7400 733 177 54
4045 7380 753 177 54
4070 7369 779 177 54
4131 7357 783 176 54
4215 7357 794 176 54
4276 7357 803 176 54
4321 7357 806 176 54
4355 7357 805 176 54
4377 7357 785 176 54
4377 7357 536 176 54
