1574 8640 101 180 59
1574 8640 161 178 60
1574 8640 170 177 60
1549 8619 176 177 60
1536 8567 235 175 61
1518 8492 289 173 61
1501 8392 345 171 61
1485 8295 351 169 62
1485 8201 367 167 61
1516 8116 381 167 61
1559 8059 386 165 62
1629 8020 388 165 62
1718 8026 377 165 62
1820 8063 371 165 62
1903 8121 342 163 62
1956 8190 314 165 62
1990 8255 309 165 62
1984 8288 314 165 62
1939 8303 302 166 62
1867 8290 304 166 62
1732 8248 339 167 61
1573 8188 361 167 61
1398 8118 396 167 61
1247 8048 433 167 61
1150 7999 478 165 62
1088 7965 483 165 62
1118 7971 496 163 62
1212 8000 514 162 63
1348 8045 510 160 63
1531 8131 501 160 63
1756 8229 499 160 63
2009 8336 491 162 63
2227 8413 488 163 62
2405 8473 448 165 62
2557 8521 442 167 61
2678 8553 438 167 61
2735 8562 384 169 61
2749 8557 379 169 61
2690 8528 396 169 61
2571 8455 412 170 60
2411 8352 422 170 60
2225 8237 448 168 59
2024 8100 456 168 60
1814 7948 453 168 60
1612 7794 465 168 60
1460 7670 477 166 60
1340 7567 485 166 60
1286 7501 493 164 60
1296 7478 514 162 60
1348 7483 512 162 60
1426 7490 527 161 60
1557 7532 564 161 60
1722 7598 577 161 60
1960 7708 605 161 60
2263 7840 611 162 60
2608 7988 572 164 60
2912 8120 405 166 60
3114 8207 98 166 60
