1301 8405 15 149 53
1360 8442 103 148 54
1390 8456 148 147 53
1417 8465 173 147 53
1432 8470 205 147 53
1440 8470 242 147 53
1440 8475 343 146 53
1440 8475 425 146 53
1424 8475 428 146 53
1395 8475 433 146 53
1326 8463 443 146 53
1219 8423 448 146 53
1086 8367 442 147 53
976 8313 443 147 53
925 8260 438 147 53
913 8207 425 148 54
949 8155 420 148 54
1035 8117 420 148 54
1153 8089 425 148 54
1233 8067 427 148 54
1265 8050 465 148 54
1265 8037 551 147 53
1210 8004 585 146 54
1108 7970 627 146 54
974 7945 646 145 54
877 7926 656 146 54
830 7926 637 146 54
817 7940 620 146 54
859 7955 588 146 54
954 7997 589 146 54
1084 8046 577 146 54
1218 8100 577 146 54
1334 8154 581 146 54
1438 8206 581 146 54
1518 8253 586 146 54
1550 8279 619 147 53
1550 8292 622 146 53
1515 8292 634 147 53
1446 8264 640 147 53
1355 8216 655 148 53
1292 8161 658 148 53
1264 8118 650 148 53
1264 8082 650 148 53
1292 8061 639 148 53
1353 8074 611 148 53
1434 8109 586 147 53
1504 8153 566 147 53
1563 8201 570 147 53
1614 8252 560 148 54
1633 8284 560 149 53
1633 8311 567 149 53
1626 8311 577 151 53
1615 8303 589 151 53
1599 8275 597 151 53
1580 8240 606 151 53
1580 8201 605 151 53
1580 8178 609 151 53
1598 8169 611 151 53
1627 8169 609 151 53
1657 8185 563 151 53
1688 8210 542 151 53
1714 8242 526 149 53
1736 8270 515 149 53
1755 8295 519 149 53
1770 8310 522 149 53
1783 8310 542 150 52
1783 8295 580 152 53
1788 8268 606 152 53
1788 8241 616 152 53
1788 8223 614 152 53
1793 8212 616 152 53
1793 8212 613 152 53
1811 8217 614 152 53
1835 8230 617 152 53
1851 8242 616 152 53
1858 8249 610 153 53
1858 8249 611 153 53
1863 8236 605 153 53
1872 8227 592 153 53
1903 8220 545 153 53
1946 8225 481 153 53
1998 8236 391 153 53
2028 8252 344 153 53
2042 8272 337 153 53
2033 8302 314 153 53
2017 8338 292 153 53
1997 8400 149 152 53
1992 8496 63 153 53
1984 8614 91 153 53
1973 8720 251 153 53
1973 8773 377 154 53
1973 8792 474 154 53
1973 8778 535 156 53
1973 8721 578 156 53
1983 8635 591 156 53
2013 8526 595 156 53
2043 8416 602 156 53
2072 8341 611 156 53
2100 8289 605 154 53
2124 8262 588 153 53
2124 8252 572 152 53
2108 8252 491 152 53
2066 8264 464 152 53
2033 8287 418 150 52
2005 8318 433 150 52
1995 8328 460 150 52
1989 8323 529 152 53
2006 8307 568 152 53
2037 8283 567 152 53
2081 8264 583 152 53
2126 8255 592 152 53
2173 8255 589 152 53
2213 8262 577 150 52
2254 8284 564 151 51
2293 8313 551 150 51
2309 8332 557 150 51
2309 8345 561 150 51
2309 8345 584 149 51
2301 8345 585 149 51
2301 8335 592 149 51
2301 8325 611 149 51
2311 8313 631 149 51
2324 8302 652 148 50
2347 8295 659 148 50
2376 8295 662 148 50
2400 8295 611 148 50
2425 8295 366 149 51
2425 8295 0 149 51
2450 8308 0 149 51
2438 8329 0 149 51
2419 8369 0 149 51
2396 8422 0 150 51
2396 8422 233 150 51
2348 8466 485 150 51
2319 8478 714 150 51
2311 8487 757 150 51
2311 8487 759 150 51
2318 8493 743 150 51
2350 8493 569 150 51
2396 8493 22 150 51
2396 8493 0 150 51
2503 8476 0 150 51
2561 8476 0 151 51
2624 8476 0 151 51
2678 8456 0 151 51
2724 8443 0 153 52
2744 8431 0 153 52
2744 8431 226 153 52
2711 8401 407 153 52
2679 8393 526 153 51
2649 8377 562 153 51
2625 8355 567 153 52
2618 8332 562 153 52
2618 8318 550 153 52
2652 8309 504 151 51
2699 8317 467 151 51
2757 8338 422 151 51
2799 8367 366 153 52
2824 8385 367 153 52
2838 8390 389 154 52
2844 8390 435 154 52
2854 8390 520 155 52
2876 8390 537 156 53
2905 8390 543 156 53
2933 8397 551 156 53
2963 8397 553 157 52
3000 8390 557 157 52
3055 8390 553 157 52
3121 8395 515 157 52
3213 8413 414 157 52
3292 8445 262 156 51
3361 8476 168 155 52
3361 8476 0 154 52
3394 8509 0 154 52
3394 8509 0 154 52
3369 8509 0 153 52
3369 8509 0 153 52
3392 8509 0 153 52
3422 8514 0 151 51
3450 8531 0 153 52
3484 8547 0 153 52
3521 8560 0 153 51
3592 8572 0 155 51
3665 8554 0 155 50
3715 8498 0 155 50
3749 8416 0 154 50
3675 8295 0 153 50
3488 8170 0 151 50
3226 8054 0 150 51
2941 7947 0 148 51
2677 7870 0 147 51
2426 7812 0 144 51
2271 7766 0 143 51
2135 7750 0 142 52
2012 7741 0 142 52
1906 7736 0 142 52
1801 7736 0 143 52
1697 7746 0 143 52
1588 7754 0 145 53
1476 7754 0 146 53
1444 7759 0 146 54
1456 7770 0 146 54
1496 7787 0 147 55
1546 7810 0 147 55
1577 7832 0 149 55
1595 7842 0 149 55
1580 7842 0 149 55
1561 7842 0 149 56
1540 7842 0 149 56
1540 7847 0 149 56
1545 7856 0 149 56
1563 7873 0 149 56
1575 7888 0 149 56
1575 7888 180 150 55
1575 7888 277 150 55
1575 7888 387 149 55
1565 7819 435 149 55
1573 7753 468 149 55
1596 7678 473 149 55
1626 7597 475 149 55
1652 7552 443 146 55
1665 7536 376 145 55
1665 7536 291 145 55
1640 7565 146 145 55
1575 7602 58 143 55
1486 7646 83 143 55
1397 7701 163 143 55
1355 7774 217 143 55
1344 7860 260 143 55
1395 7931 348 144 54
1509 7988 478 144 54
1664 8036 554 145 54
1825 8047 581 145 54
1946 8024 591 145 54
2039 7978 591 146 53
2078 7903 591 146 53
2054 7828 586 146 53
1987 7751 606 147 53
1916 7689 613 147 53
1856 7637 606 147 53
1845 7616 588 147 55
1862 7616 563 147 55
1924 7638 512 147 55
2016 7685 448 147 55
2128 7740 399 147 55
2226 7800 364 147 55
2284 7852 332 147 55
2316 7901 358 147 53
2296 7917 418 147 53
2234 7912 499 147 52
2144 7866 535 147 52
2059 7815 537 147 52
2010 7759 543 148 51
1986 7706 537 148 51
2019 7676 532 147 52
2095 7660 515 147 52
2200 7680 422 146 53
2301 7713 109 146 53
2301 7713 0 146 53
2460 7793 0 146 53
2510 7828 0 146 53
2556 7860 0 147 53
2600 7860 0 147 53
2627 7860 0 148 53
2639 7852 0 148 53
2639 7852 107 148 53
2639 7852 195 149 52
2639 7852 244 149 52
2600 7863 251 149 52
2578 7863 247 149 52
2559 7853 274 150 51
2547 7845 279 149 52
2547 7840 311 149 52
2547 7840 353 149 52
2560 7840 379 149 52
2571 7850 428 149 52
2571 7860 445 149 52
2571 7870 439 149 52
2550 7877 443 149 52
2525 7872 445 150 51
2495 7859 460 149 51
2475 7831 456 149 51
2454 7798 460 148 51
2448 7768 449 148 51
2448 7742 418 148 51
2464 7734 420 147 52
2495 7734 417 147 52
2539 7734 412 146 53
2593 7717 413 146 53
2616 7660 448 146 53
2616 7578 544 146 53
2589 7452 597 146 53
2563 7355 664 146 53
2542 7277 694 146 53
2542 7255 753 146 53
2542 7260 777 146 53
2552 7284 780 146 53
2560 7343 737 146 53
2586 7448 647 146 53
2622 7584 600 146 53
2668 7693 585 146 53
2717 7764 594 146 53
2751 7810 605 146 53
2774 7810 617 147 53
2800 7797 637 147 53
2827 7772 664 147 53
2855 7748 662 148 53
2892 7734 670 148 53
2931 7726 669 148 53
2970 7738 665 148 53
3009 7760 661 148 53
3027 7788 662 148 53
3033 7794 661 148 53
3033 7804 659 148 53
3041 7816 655 148 53
3056 7816 668 148 53
3074 7816 673 148 53
3109 7810 664 148 53
3156 7810 664 148 53
3217 7822 664 148 51
3308 7849 636 148 51
3418 7886 641 148 51
3540 7939 642 147 51
3654 7969 644 147 51
3717 7984 670 147 51
3749 7984 678 147 51
3749 7991 670 148 51
3739 7991 543 148 51
3739 7991 0 148 51
3690 7998 0 148 53
3615 8011 0 149 53
3512 8023 0 149 53
3356 8023 0 148 54
3125 8023 0 148 54
2843 7986 0 148 54
2531 7919 0 148 54
2223 7830 0 147 53
1917 7716 0 147 53
1743 7602 0 147 52
1743 7602 522 147 52
1476 7471 493 146 52
1387 7499 504 146 52
1335 7522 515 146 52
1307 7568 530 146 52
1313 7632 529 146 53
1372 7714 539 145 54
1466 7792 631 145 54
1636 7859 754 145 54
1890 7918 864 145 54
2200 7953 903 145 54
2536 7973 924 146 54
2872 7968 924 147 53
3107 7955 894 148 54
3274 7936 809 149 53
3311 7916 784 149 53
3216 7895 728 150 52
3032 7869 710 149 52
2782 7841 628 149 52
2519 7831 643 149 52
2247 7853 645 149 52
2104 7897 634 149 52
2067 7965 631 149 52
2100 7987 663 148 53
2196 7979 757 148 53
2297 7886 836 148 53
2405 7784 875 148 53
2516 7677 911 146 53
2623 7595 944 146 53
2699 7557 941 146 53
2753 7548 987 146 53
2778 7570 1023 146 53
2785 7631 1023 145 53
2780 7717 1020 145 53
2742 7836 988 145 53
2687 8006 979 145 53
2621 8211 970 145 53
2557 8437 977 147 52
2524 8662 1015 147 52
2512 8786 1023 148 51
2523 8842 978 148 51
2539 8858 693 149 52
