2032 8228 105 130 62
2032 8228 299 133 62
2032 8228 466 133 62
2004 8228 595 135 63
1953 8228 673 137 62
1885 8219 705 138 63
1807 8206 727 138 63
1704 8183 754 138 63
1583 8150 770 138 63
1451 8094 777 137 63
1312 8023 796 137 63
1167 7942 791 137 63
1056 7861 784 135 64
1003 7797 787 135 64
988 7744 797 133 65
1001 7706 783 132 64
1037 7668 785 130 65
1089 7643 800 130 65
1186 7628 827 129 64
1328 7628 846 129 64
1500 7655 863 129 64
1770 7697 873 130 63
2071 7749 864 130 63
2392 7805 863 132 64
2629 7863 846 133 63
2801 7904 828 137 63
2930 7928 824 140 63
2994 7941 800 141 63
3008 7941 720 143 63
2988 7941 450 144 62
2988 7941 0 146 63
2819 7930 0 146 63
2676 7930 0 146 63
2478 7930 0 146 63
2282 7930 0 146 63
2090 7908 0 146 62
1933 7881 0 147 61
1800 7854 0 146 60
1707 7829 0 146 58
1619 7812 0 144 58
1558 7801 0 144 58
1514 7795 0 144 58
1501 7804 0 146 58
1501 7817 0 145 59
1510 7834 0 145 60
1520 7844 0 146 62
1530 7853 0 146 63
1543 7860 0 145 64
1556 7869 0 146 64
1568 7877 0 146 64
1575 7892 0 146 64
1575 7912 0 145 65
1575 7912 163 145 65
1544 7931 272 144 66
1509 7937 389 142 66
1468 7937 475 140 66
1423 7927 535 139 67
1380 7909 564 137 66
1342 7886 605 133 66
1325 7859 620 133 66
1325 7827 617 132 65
1320 7792 630 130 65
1336 7759 631 130 63
1364 7743 638 130 63
1422 7736 636 130 63
1482 7760 624 129 64
1541 7790 625 129 64
1576 7824 630 129 64
1596 7857 636 130 65
1596 7899 641 132 65
1585 7946 643 133 65
1568 7968 643 135 65
1553 7968 640 135 65
1543 7950 641 135 65
1543 7898 644 135 65
1543 7849 644 135 65
1561 7803 641 135 65
1592 7774 548 135 65
1631 7764 307 135 65
1631 7764 0 133 65
1710 7789 0 133 65
1719 7824 0 133 65
1713 7869 0 132 64
1704 7927 0 132 64
1704 7967 0 130 63
1704 7994 0 130 63
1704 7994 287 130 63
1704 7994 373 129 63
1730 7976 464 129 63
1747 7947 529 127 63
1768 7912 563 129 64
1788 7876 570 129 64
1799 7838 574 130 63
1805 7809 570 132 64
1805 7786 536 132 64
1805 7786 520 133 63
1799 7805 483 133 63
1786 7836 481 133 63
1777 7902 501 133 63
1769 7967 515 133 63
1769 8005 519 133 63
1786 8025 518 133 63
1811 8025 529 133 63
1838 7994 537 133 63
1875 7953 564 133 63
1919 7908 584 133 63
1968 7871 616 133 63
2024 7839 620 133 63
2089 7839 628 133 63
2151 7855 631 133 62
2188 7886 637 133 62
2210 7918 652 133 62
2205 7965 685 135 62
2175 8021 691 134 61
2127 8042 694 134 61
2063 8042 644 132 61
1992 8019 527 132 61
1917 7997 167 132 61
1917 7997 0 130 62
1859 7973 0 130 62
1866 7992 0 129 63
1901 8026 0 129 63
1962 8071 0 129 63
2041 8120 0 129 63
2100 8163 0 129 63
2147 8209 0 127 62
2185 8258 0 127 62
2198 8286 0 129 61
2198 8286 362 129 61
2198 8286 464 131 61
2173 8289 546 132 60
2179 8264 625 134 60
2194 8225 658 135 60
2214 8162 664 135 60
2237 8098 669 136 60
2266 8030 662 135 60
2288 7980 588 135 60
2305 7942 317 135 60
2305 7942 0 132 60
2327 7947 0 132 60
2327 7988 0 131 61
2316 8057 0 131 61
2316 8122 0 132 61
2331 8149 0 132 61
2331 8149 277 132 61
2331 8149 371 132 61
2331 8149 538 132 61
2361 8125 617 132 61
2377 8096 664 134 61
2396 8059 690 134 61
2423 8022 694 134 61
2450 7988 673 135 60
2477 7967 560 135 60
2499 7953 255 134 61
2499 7953 0 134 61
2507 7991 0 134 61
2478 8041 0 134 61
2449 8120 0 135 62
2419 8198 0 135 62
2411 8233 0 135 62
2411 8233 175 135 62
2425 8273 191 135 62
2425 8281 220 135 62
2434 8273 207 135 62
2448 8257 132 135 62
2448 8257 0 136 61
2492 8215 0 136 61
2508 8204 0 136 61
2523 8204 0 139 61
2543 8204 0 139 61
2572 8204 0 139 61
2598 8216 0 141 61
2598 8216 186 141 61
2598 8216 309 141 61
2621 8185 422 141 61
2606 8173 516 141 61
2606 8143 566 141 61
2606 8103 603 141 61
2618 8060 619 141 61
2639 8028 638 141 61
2686 8004 639 141 61
2733 8004 636 141 61
2775 8015 610 139 61
2813 8040 592 139 61
2835 8076 577 141 61
2841 8122 578 141 61
2835 8174 595 141 61
2820 8203 606 143 62
2805 8211 616 143 62
2794 8204 620 144 62
2787 8187 613 144 62
2792 8158 619 146 62
2804 8121 636 146 62
2825 8091 645 146 62
2866 8070 645 146 62
2920 8056 645 146 62
2979 8056 627 146 62
3035 8063 586 146 62
3076 8080 550 144 61
3107 8105 544 144 61
3119 8142 526 144 61
3119 8188 546 144 61
3100 8240 572 144 61
3069 8266 611 142 61
3029 8274 614 142 61
2984 8266 630 145 60
2927 8252 645 145 60
2875 8229 652 145 60
2849 8199 661 145 60
2839 8166 670 145 60
2839 8134 673 144 61
2868 8110 667 144 61
2915 8090 669 144 61
2977 8090 673 144 61
3039 8095 675 144 61
3091 8110 676 144 61
3135 8116 673 144 61
3167 8116 669 144 61
3182 8116 642 142 61
3182 8116 496 142 61
3182 8116 30 142 61
3182 8116 0 144 60
3187 8124 0 144 60
3196 8153 0 144 60
3207 8193 0 144 60
3236 8240 0 144 60
3276 8307 0 144 60
3320 8367 0 144 60
3364 8423 0 144 60
3385 8454 0 144 60
3385 8454 611 145 59
3385 8454 697 145 59
3351 8465 797 145 59
3289 8465 825 146 58
3251 8460 836 143 59
3207 8437 833 143 59
3160 8406 832 143 59
3150 8364 800 143 59
3175 8321 785 143 59
3222 8277 767 143 59
3288 8240 725 143 59
3352 8208 700 143 59
3411 8180 646 143 59
3433 8152 613 143 59
3433 8120 613 145 59
3406 8079 634 144 60
3336 8023 656 144 60
3239 7957 676 144 60
3143 7908 679 144 60
3092 7880 631 142 61
3072 7866 465 142 61
3072 7866 0 141 60
3137 7912 0 141 60
3216 7975 0 139 61
3279 8061 0 138 60
3346 8139 0 139 61
3428 8213 0 139 61
3518 8254 0 139 61
3555 8265 0 142 61
3555 8265 453 144 61
3528 8244 542 146 62
3474 8235 697 146 62
3419 8224 784 147 61
3364 8209 814 147 61
3317 8194 806 147 61
3312 8179 799 148 60
3334 8159 787 146 60
3365 8135 788 146 60
3431 8115 763 146 60
3520 8115 719 145 59
3601 8126 650 146 60
3662 8148 594 146 60
3710 8169 561 146 60
3733 8191 543 148 60
3727 8213 546 148 60
3701 8232 565 150 60
3630 8249 572 151 60
3541 8238 578 151 60
3441 8221 613 151 60
3362 8205 630 151 60
3346 8193 661 151 60
3371 8182 700 149 59
3437 8182 714 149 59
3565 8182 714 149 59
3733 8201 714 149 59
3843 8201 707 149 59
3925 8201 699 151 60
3988 8186 702 151 60
4005 8173 691 151 60
3987 8156 702 152 60
3946 8138 733 152 60
3871 8124 745 153 59
3797 8114 758 152 60
3723 8114 763 152 60
3619 8114 763 152 60
3496 8104 755 152 60
3320 8092 724 151 61
3034 8044 699 151 61
2674 7955 697 151 61
2242 7838 719 150 62
1855 7706 773 150 62
1498 7620 783 147 62
1407 7565 770 146 63
1407 7560 782 143 63
1472 7570 787 141 63
1639 7591 800 140 63
1908 7641 805 140 63
2245 7691 814 138 63
2540 7740 817 138 63
2801 7770 815 138 63
3038 7798 799 140 63
3244 7821 785 141 63
3376 7836 797 141 63
3458 7836 791 143 62
3458 7822 797 143 62
3383 7808 796 143 62
3260 7782 794 144 61
3054 7749 762 144 61
2801 7705 754 144 61
2517 7657 762 144 61
2262 7603 783 143 62
2134 7571 797 143 62
2090 7555 791 143 62
2197 7561 823 143 62
2427 7597 827 141 61
2740 7652 834 141 61
3085 7704 799 141 61
3367 7753 728 143 62
3606 7782 517 143 62
3720 7800 1 143 62
3720 7800 0 144 62
3696 7813 0 146 62
3584 7813 0 146 62
3444 7822 0 146 62
3284 7841 0 147 61
3129 7870 0 147 61
3040 7906 0 148 60
2994 7938 0 146 60
3007 7950 0 146 60
3052 7950 0 145 59
3052 7950 514 145 59
3184 7904 594 145 59
3192 7876 728 142 59
3162 7848 793 142 59
3157 7798 836 142 59
3152 7748 852 141 60
3159 7698 825 141 60
3174 7666 725 141 60
3184 7646 332 141 60
3184 7646 0 141 60
3213 7648 0 141 60
3232 7702 0 141 60
3252 7782 0 141 60
3294 7866 0 142 59
3341 7913 0 142 59
3341 7913 522 143 59
3388 7923 613 143 59
3388 7909 702 143 59
3397 7895 822 144 58
3417 7849 879 146 58
3431 7789 908 145 59
3445 7719 905 145 59
3458 7661 691 145 59
