1804 8118 208 138 61
1779 8168 344 140 62
1770 8192 470 141 61
1770 8201 520 144 61
1770 8201 526 144 61
1777 8190 569 147 61
1794 8155 599 147 61
1822 8102 620 147 61
1854 8029 640 148 60
1886 7951 676 148 60
1918 7866 722 148 60
1949 7777 761 147 61
1980 7722 796 147 61
2004 7684 820 147 61
2024 7657 845 147 61
2037 7651 906 145 60
2042 7651 983 145 60
2042 7662 1023 145 60
2042 7676 1023 145 60
2051 7739 1023 145 60
2056 7834 1023 145 60
2056 7930 1023 145 60
2066 8018 976 145 60
2072 8053 879 145 60
2072 8053 691 145 60
2072 8053 354 145 60
2072 8053 0 145 60
2089 8025 0 144 61
2108 8012 0 144 61
2131 8002 0 144 61
2155 7994 0 143 62
2192 8003 0 141 61
2221 8020 0 141 61
2245 8042 0 141 61
2254 8058 0 141 61
2254 8058 214 141 61
2254 8058 446 141 61
2254 8058 580 141 61
2254 8058 664 141 61
2254 8058 737 142 61
2254 8002 759 142 61
2262 7960 790 142 61
2273 7915 785 144 60
2280 7870 788 144 60
2280 7837 787 144 60
2291 7807 699 146 60
2298 7788 448 146 60
2298 7788 0 145 60
2317 7767 0 145 60
2333 7776 0 145 60
2357 7794 0 145 60
2387 7823 0 147 61
2423 7859 0 147 61
2461 7901 0 147 61
2500 7946 0 148 61
2545 7989 0 148 61
2571 8030 0 148 61
2571 8030 187 150 62
2585 8072 404 150 62
2585 8082 561 150 62
2573 8088 655 150 62
2573 8095 693 150 62
2573 8103 722 150 62
2573 8109 743 150 62
2573 8109 758 150 62
2565 8109 750 150 62
2558 8109 762 150 62
2542 8099 768 150 62
2516 8071 796 150 60
2483 8028 817 150 60
2465 7975 855 150 60
2448 7922 870 150 60
2448 7869 905 150 60
2458 7842 897 150 60
2464 7825 909 150 60
2471 7816 917 150 60
2489 7816 917 150 60
2515 7816 903 151 61
2539 7827 817 151 61
2567 7836 645 151 61
2602 7848 3 154 60
2602 7848 0 154 60
2666 7883 0 154 60
2680 7911 0 154 60
2694 7944 0 154 60
2708 7987 0 154 60
2718 8028 0 154 60
2726 8065 0 151 61
2732 8106 0 151 61
2739 8149 0 150 60
2747 8183 0 150 60
2747 8213 0 150 60
2735 8236 0 150 60
2735 8258 0 150 60
2723 8280 0 151 60
2712 8302 0 152 60
2704 8325 0 152 60
2699 8346 0 153 59
2699 8360 0 153 59
2699 8370 0 152 59
2704 8384 0 153 58
2704 8384 222 153 58
2704 8384 398 153 58
2704 8384 565 154 58
2729 8368 688 154 58
2741 8322 779 154 58
2755 8272 827 156 59
2769 8214 851 157 58
2783 8151 858 156 59
2796 8094 863 157 59
2804 8040 857 157 59
2813 8001 819 157 59
2813 7960 745 157 60
2813 7946 647 157 60
2813 7946 509 156 61
2813 7946 0 156 61
2763 7979 0 155 62
2698 8021 0 155 62
2618 8090 0 155 62
2529 8146 0 153 61
2466 8194 0 153 61
2439 8182 0 151 61
2439 8197 0 151 61
2439 8197 142 150 60
2466 8241 294 151 60
2511 8262 458 151 60
2573 8289 606 150 58
2681 8328 670 152 59
2789 8364 667 152 59
2859 8376 628 154 58
2904 8376 465 156 59
2945 8368 15 156 59
2945 8368 0 158 58
2990 8349 0 158 58
2990 8335 0 158 58
2990 8319 0 158 58
2990 8303 0 157 59
3001 8271 0 157 59
3015 8227 0 157 59
3034 8190 0 156 59
3034 8190 211 155 60
3051 8127 400 155 60
3051 8105 569 153 59
3040 8084 647 153 59
3018 8063 722 155 60
2986 8042 787 155 60
2973 8036 806 154 60
2950 8036 827 154 60
2919 8049 836 154 60
2909 8073 833 154 60
2903 8107 837 154 60
2921 8153 848 154 60
2952 8199 864 154 60
3001 8242 881 155 60
3058 8279 900 155 60
3119 8285 908 155 60
3141 8272 920 155 60
3164 8249 924 155 60
3175 8228 920 155 60
3175 8206 863 155 60
3162 8180 710 156 59
3134 8152 291 156 59
3134 8152 0 155 60
3074 8134 0 155 60
3052 8147 0 155 60
3058 8175 0 155 60
3083 8203 0 153 59
3143 8231 0 153 59
3209 8244 0 153 59
3285 8257 0 153 59
3285 8257 287 153 59
3361 8220 433 153 59
3368 8198 584 155 60
3368 8178 673 155 60
3358 8168 763 155 60
3351 8168 793 155 60
3336 8168 814 155 60
3316 8176 829 155 60
3282 8189 821 155 60
3239 8215 822 155 60
3190 8251 825 155 60
3162 8293 824 155 60
3162 8340 823 156 59
3176 8389 817 156 59
3211 8439 821 156 59
3251 8480 817 156 59
3307 8506 837 156 59
3372 8521 872 154 58
3416 8496 897 154 58
3445 8453 929 154 58
3463 8399 933 156 59
3463 8359 941 156 59
3450 8319 950 156 59
3427 8280 949 156 59
3393 8253 941 156 59
3361 8237 944 157 59
3361 8228 942 157 59
3377 8217 945 157 59
3419 8203 947 157 59
3481 8197 939 157 59
3555 8197 914 157 59
3601 8192 791 159 59
3614 8174 512 159 59
3614 8174 0 159 59
3567 8119 0 161 60
3495 8088 0 160 60
3400 8057 0 160 60
3302 8024 0 160 60
3200 7986 0 159 61
3095 7927 0 157 61
2999 7855 0 156 61
2955 7799 0 153 61
2945 7756 0 153 61
2945 7756 402 151 61
2978 7728 636 151 61
3009 7735 790 150 60
3038 7735 896 150 60
3038 7735 937 151 60
3018 7735 986 151 60
2999 7735 981 151 60
2955 7735 987 151 60
2895 7742 981 152 60
2816 7764 988 152 60
2694 7802 974 152 60
2544 7851 958 152 60
2428 7921 953 152 60
2369 7989 920 151 60
2347 8057 867 151 60
2377 8125 817 151 60
2461 8200 799 149 59
2582 8280 820 149 59
2764 8359 878 152 59
2931 8390 944 152 59
3088 8390 974 153 59
3210 8354 991 153 59
3271 8298 1018 156 59
3292 8227 1023 157 59
3307 8179 1023 157 59
3276 8130 1023 158 58
3214 8076 1023 158 58
3136 8020 1023 157 59
3061 7989 1023 157 59
3044 7973 1023 157 59
3064 7966 1023 157 60
3127 7927 1023 157 60
3235 7906 1023 155 60
3373 7897 1023 155 60
3508 7897 1023 155 60
3639 7904 959 155 60
