1786 8667 222 143 57
1786 8667 218 146 58
1769 8624 305 146 60
1758 8559 398 148 60
1732 8439 466 150 60
1695 8302 489 150 60
1668 8153 522 148 61
1660 8019 532 147 61
1660 7884 546 147 61
1685 7771 542 147 61
1706 7673 542 145 60
1728 7594 542 145 60
1756 7546 529 145 60
1784 7518 509 145 60
1790 7518 509 147 61
1781 7567 464 147 61
1760 7641 455 148 61
1697 7744 473 148 61
1606 7847 515 148 61
1486 7896 591 148 61
1359 7911 650 148 61
1228 7906 697 147 61
1134 7885 696 147 61
1090 7853 697 147 61
1078 7828 703 146 60
1137 7792 711 145 60
1273 7748 722 145 60
1459 7748 746 144 60
1753 7771 758 144 60
2068 7813 761 144 60
2396 7867 753 144 60
2651 7920 757 145 60
2825 7970 754 145 60
2945 7988 757 145 60
2962 7988 728 148 60
2915 7980 564 148 60
2826 7966 108 148 60
2826 7966 0 147 61
2541 7935 0 147 61
2404 7935 0 147 61
2297 7945 0 146 62
2214 7960 0 144 61
2146 7976 0 143 62
2081 7993 0 140 62
2020 8013 0 138 61
1983 8033 0 136 61
1961 8056 0 135 62
1949 8082 0 134 61
1940 8105 0 134 61
1940 8132 0 134 61
1940 8161 0 134 60
1947 8202 0 134 60
1967 8256 0 135 59
1967 8256 143 136 60
2001 8378 223 138 59
1995 8414 314 138 59
1995 8436 353 141 59
1995 8431 368 141 59
1995 8426 371 142 59
1987 8378 386 143 59
1980 8302 398 143 59
1980 8216 392 143 59
1971 8129 397 143 59
1964 8042 400 143 59
1970 7985 402 143 59
1977 7946 422 142 59
1983 7938 512 142 59
1983 7964 603 142 59
1983 8014 644 141 59
1989 8111 664 141 59
1989 8233 665 141 59
1998 8372 666 142 59
2008 8506 663 142 59
2017 8584 666 142 59
2026 8625 663 144 60
2026 8625 673 145 59
2026 8613 673 145 59
2019 8554 673 146 60
2010 8463 673 146 60
1998 8360 664 146 60
1993 8249 664 146 60
1993 8134 671 146 60
2013 8048 652 146 58
2039 7992 644 145 59
2070 7957 644 143 59
2098 7957 664 143 59
2123 7996 669 142 59
2151 8062 691 141 59
2170 8155 700 141 59
2182 8236 700 141 59
2187 8310 708 141 59
2187 8326 705 141 59
2180 8326 705 142 58
2180 8321 711 142 58
2180 8273 710 142 58
2180 8214 711 143 57
2180 8149 711 143 57
2190 8094 700 143 57
2203 8039 697 143 57
2218 7995 675 142 58
2233 7960 671 142 58
2248 7955 671 142 58
2248 7955 663 141 59
2279 7996 667 139 58
2300 8051 670 139 58
2319 8108 679 139 58
2328 8167 691 139 58
2328 8183 702 141 59
2328 8183 705 141 59
2328 8178 705 142 58
2322 8151 703 142 58
2316 8105 708 142 58
2309 8046 703 142 58
2315 8002 705 142 58
2333 7969 705 142 58
2358 7944 707 141 59
2385 7944 717 141 59
2412 7953 740 141 59
2423 7970 757 141 59
2423 8009 790 141 59
2437 8056 784 141 59
2437 8109 791 141 59
2426 8144 797 141 59
2408 8162 797 141 59
2390 8168 708 141 59
2375 8168 507 142 58
2375 8168 0 143 59
2324 8151 0 143 59
2324 8132 0 144 58
2341 8124 0 143 59
2368 8124 0 143 59
2393 8124 0 143 59
2419 8143 0 143 59
2438 8158 0 142 58
2451 8158 0 142 58
2451 8158 168 142 58
2451 8116 307 142 58
2437 8088 409 142 58
2437 8052 480 143 59
2437 8014 567 143 59
2437 7975 591 142 59
2452 7949 588 142 59
2457 7930 591 142 59
2457 7930 627 141 60
2463 7948 678 141 60
2472 7978 690 141 60
2496 8053 690 141 60
2528 8123 696 141 60
2556 8191 700 141 60
2581 8223 703 141 60
2604 8236 703 144 60
2611 8236 707 144 60
2625 8214 708 144 60
2652 8186 694 146 60
2690 8149 622 146 60
2721 8104 422 146 60
2747 8072 42 148 60
2747 8072 0 148 60
2785 8047 0 148 60
2798 8059 0 147 61
2811 8085 0 147 61
2816 8110 0 147 61
2816 8135 0 147 61
2816 8160 0 147 61
2816 8176 0 147 61
2816 8186 0 147 61
2816 8186 319 148 61
2829 8261 404 150 60
2829 8268 491 150 60
2838 8268 553 151 61
2845 8263 613 152 60
2851 8253 668 154 60
2875 8220 700 154 60
2909 8172 699 155 60
2931 8141 700 155 60
2949 8114 697 155 60
2963 8090 673 155 60
2963 8074 664 155 60
2953 8066 655 155 60
2933 8066 653 153 59
2893 8059 655 152 60
2849 8059 658 152 60
2803 8072 667 152 60
2760 8077 668 152 60
2722 8077 678 152 60
2687 8072 684 151 61
2665 8054 684 151 61
2665 8029 690 150 60
2680 8008 694 150 60
2713 7986 700 150 60
2751 7959 690 150 60
2798 7951 690 147 61
2833 7956 694 147 61
2859 7961 720 148 61
2878 7969 755 148 61
2893 7978 790 148 61
2906 7978 796 148 61
2914 7985 800 150 62
2914 7985 809 150 62
2914 7985 818 150 62
2914 7985 830 150 62
2914 7985 827 150 62
2914 7985 828 150 62
2914 7985 828 150 62
2914 7985 814 150 62
2914 7985 710 150 62
2914 7985 470 150 62
2919 7985 1 150 62
2919 7985 0 150 62
2927 7973 0 150 62
2934 7973 0 149 63
2947 7985 0 149 63
2965 7998 0 147 62
2985 8016 0 147 62
2991 8038 0 146 62
2991 8061 0 146 62
2991 8087 0 144 61
2991 8115 0 144 61
2986 8144 0 144 61
2986 8172 0 142 61
2991 8200 0 142 61
2991 8200 65 145 60
2991 8200 376 145 60
2991 8200 480 146 60
2991 8200 586 149 59
2991 8200 622 149 59
2991 8200 650 151 60
3010 8137 673 152 59
3010 8080 672 152 59
3010 8032 675 152 59
3010 7989 678 151 60
3005 7965 687 151 60
3005 7956 710 151 60
3005 7956 727 150 60
3005 7970 728 150 60
3013 8010 731 150 60
3026 8068 733 150 60
3044 8134 731 150 60
3068 8198 717 150 60
3094 8228 717 150 60
3099 8238 714 150 60
3099 8233 717 150 60
3107 8223 719 150 60
3127 8189 717 151 60
3148 8141 717 151 60
3171 8093 717 151 60
3191 8047 684 151 60
3207 8002 530 151 60
3207 8002 0 150 60
3229 7920 0 150 60
3229 7920 0 150 60
3229 7936 0 150 60
3252 7992 0 148 60
3283 8081 0 148 60
3290 8192 0 148 60
3279 8336 0 146 60
3256 8465 0 147 59
3256 8465 339 147 59
3212 8614 420 149 58
3189 8614 522 149 58
3166 8594 639 150 58
3153 8539 758 150 58
3128 8457 833 150 58
3096 8358 872 153 58
3077 8246 909 153 58
3077 8132 897 154 58
3084 8014 900 154 58
3127 7888 899 154 58
3208 7797 897 154 58
3313 7730 882 153 59
3405 7704 875 153 59
3489 7716 869 153 59
3567 7754 869 151 60
3605 7830 853 151 60
3605 7954 787 151 60
3571 8109 752 152 60
3430 8249 751 152 60
3152 8312 794 155 60
2782 8324 861 157 60
2344 8281 903 158 60
1878 8187 967 159 59
1392 8060 979 158 60
1065 7963 982 158 60
869 7901 973 158 60
759 7863 794 157 61
786 7868 109 157 61
