1794 8409 208 149 59
1794 8409 282 151 60
1794 8409 274 152 60
1794 8409 284 152 60
1794 8409 307 154 60
1794 8409 334 156 61
1794 8409 361 156 61
1807 8374 387 156 61
1813 8329 400 156 61
1813 8272 417 156 61
1819 8200 442 155 62
1819 8118 463 155 62
1819 8037 477 155 62
1819 7956 491 154 63
1824 7886 494 154 63
1831 7825 507 152 62
1838 7793 509 151 63
1844 7777 502 151 63
1844 7772 477 149 63
1844 7772 366 149 63
1844 7791 203 149 63
1844 7791 0 149 63
1857 7842 0 149 63
1881 7870 0 149 63
1907 7898 0 147 62
1948 7927 0 147 62
1998 7950 0 147 62
2053 7973 0 147 62
2109 7994 0 146 62
2157 8016 0 146 62
2200 8038 0 146 62
2232 8060 0 143 62
2232 8060 179 143 62
2248 8100 260 143 62
2236 8116 330 143 62
2213 8124 387 143 62
2185 8124 422 144 61
2139 8124 492 144 61
2096 8124 514 144 61
2055 8112 519 145 60
2036 8098 535 147 61
2024 8078 538 147 61
2024 8051 537 147 61
2053 8018 537 147 61
2101 7980 536 147 61
2168 7941 538 147 61
2223 7902 537 147 61
2270 7861 540 145 60
2285 7830 538 145 60
2280 7807 536 145 60
2262 7782 536 145 60
2211 7761 543 145 60
2143 7742 553 145 60
2063 7735 553 144 61
2003 7743 537 146 62
1967 7760 458 146 62
1947 7777 281 146 62
1947 7795 50 146 62
1947 7795 0 146 62
2016 7833 0 146 62
2071 7858 0 146 62
2125 7887 0 146 62
2179 7924 0 146 62
2226 7967 0 146 62
2270 8013 0 144 61
2302 8050 0 144 61
2320 8084 0 144 61
2329 8099 0 142 61
2329 8099 335 141 61
2329 8099 379 143 62
2329 8099 387 143 62
2329 8099 391 143 62
2329 8099 404 144 61
2329 8099 431 144 61
2364 8046 438 144 61
2380 8002 441 145 60
2395 7946 448 147 61
2410 7883 448 147 61
2418 7841 475 147 61
2418 7817 519 147 61
2418 7806 583 147 61
2418 7806 628 147 61
2418 7822 643 148 60
2410 7843 668 148 60
2404 7885 670 148 60
2410 7939 682 148 60
2422 8001 682 148 60
2443 8054 685 148 60
2462 8089 685 148 60
2479 8113 685 148 60
2506 8119 675 148 60
2533 8119 662 148 60
2560 8109 639 148 60
2587 8089 556 150 60
2609 8062 376 150 60
2627 8036 49 150 60
2627 8036 0 150 60
2666 8007 0 150 60
2691 8014 0 148 61
2719 8037 0 148 61
2743 8066 0 148 61
2752 8098 0 148 61
2752 8124 0 148 61
2746 8144 0 148 61
2746 8144 218 148 61
2746 8144 320 148 61
2723 8181 371 150 60
2731 8181 399 151 61
2749 8181 438 151 61
2771 8176 477 151 61
2795 8150 491 154 60
2823 8113 494 154 60
2850 8067 499 156 61
2870 8021 501 156 61
2886 7979 507 156 61
2903 7940 514 156 61
2917 7919 519 156 61
2917 7913 543 156 61
2917 7913 553 154 60
2907 7927 553 154 60
2886 7946 553 154 60
2855 7972 551 152 60
2820 7990 546 152 60
2785 8002 546 152 60
2751 7994 545 151 61
2718 7975 545 151 61
2693 7937 545 151 61
2688 7899 548 151 61
2695 7863 548 151 61
2730 7837 542 150 60
2779 7816 542 150 60
2836 7816 537 148 60
2878 7831 527 148 60
2907 7856 518 148 60
2927 7885 504 148 60
2927 7919 499 148 60
2927 7957 512 149 59
2907 7970 536 151 60
2899 7965 561 150 60
2893 7949 584 150 60
2893 7908 613 150 60
2901 7867 611 150 60
2929 7826 613 150 60
2970 7790 616 150 60
3027 7758 583 150 60
3078 7732 522 150 60
3125 7721 354 148 60
3135 7721 1 148 60
3135 7721 0 146 60
3073 7750 0 146 60
2999 7785 0 146 60
2885 7831 0 145 59
2744 7883 0 146 60
2548 7940 0 146 60
2367 7986 0 148 60
2195 8028 0 148 60
2055 8064 0 147 61
1939 8101 0 146 62
1840 8138 0 146 62
1767 8178 0 144 62
1701 8221 0 143 62
1649 8253 0 143 63
1606 8284 0 144 62
1573 8309 0 146 63
1547 8323 0 149 63
1541 8330 0 152 62
1541 8330 200 155 62
1559 8305 235 156 62
1575 8268 276 158 62
1619 8215 319 159 61
1680 8143 382 159 61
1728 8054 431 156 62
1766 7954 475 156 62
1796 7862 546 156 62
1796 7792 592 155 62
1782 7737 616 154 63
1766 7694 636 154 63
1745 7673 644 154 63
1725 7666 640 154 63
1704 7681 613 154 63
1668 7712 614 154 63
1622 7755 602 154 63
1562 7802 594 154 63
1487 7849 594 152 62
1403 7872 595 152 62
1294 7879 606 152 62
1182 7865 611 150 62
1069 7851 617 150 62
1008 7837 617 150 62
997 7825 614 150 62
1018 7812 616 150 62
1127 7812 616 148 61
1295 7812 613 150 62
1503 7834 613 150 62
1754 7854 597 152 62
2003 7875 586 152 62
2251 7903 559 153 61
2466 7927 530 155 62
2667 7953 486 155 62
2859 7981 465 156 61
2999 8004 458 157 61
3094 8026 468 157 61
3159 8044 469 157 61
3169 8059 491 157 61
3112 8069 515 159 61
3011 8077 544 159 61
2862 8077 540 159 61
2653 8077 507 159 61
2404 8060 461 159 61
2121 8028 495 158 62
1847 7978 542 158 62
1580 7928 565 158 62
1423 7875 570 158 62
1324 7820 561 157 63
1264 7780 563 155 63
1276 7750 569 154 63
1364 7727 581 154 63
1503 7727 595 152 62
1739 7750 586 152 62
1995 7794 585 152 62
2264 7848 583 154 63
2492 7910 574 155 62
2675 7965 537 155 62
2828 8003 509 156 62
2881 8030 473 159 61
2841 8041 473 159 61
2739 8028 456 159 61
2538 7998 447 159 61
2274 7944 465 158 62
1968 7878 522 158 62
1651 7805 570 156 62
1393 7731 578 156 62
1175 7664 581 154 63
997 7612 585 154 63
912 7569 589 152 62
890 7562 594 152 62
956 7581 599 152 62
1135 7618 611 152 62
1390 7697 613 152 62
1751 7797 619 150 62
2143 7910 620 152 62
2556 8024 638 152 62
2972 8131 639 153 61
3332 8211 639 153 61
3654 8274 638 156 61
3896 8319 611 157 60
4047 8343 546 157 60
4137 8352 389 157 60
4148 8352 98 157 59
4148 8352 0 157 59
3985 8338 0 157 59
3858 8332 0 158 58
3735 8337 0 158 58
3614 8348 0 158 58
3519 8381 0 157 58
3453 8423 0 157 58
3406 8470 0 157 58
3394 8519 0 157 58
3407 8564 0 157 58
3436 8586 0 157 58
3436 8586 414 157 58
3500 8594 439 157 58
3525 8594 431 155 58
3559 8573 392 155 58
3582 8533 388 154 58
3597 8484 412 154 58
3591 8436 428 154 58
3586 8389 445 154 58
3586 8344 445 154 58
3594 8314 445 154 58
3606 8294 455 156 59
3612 8294 467 156 59
3612 8307 475 157 58
3625 8332 472 157 58
3639 8374 470 157 58
3654 8414 475 157 58
3665 8450 465 156 59
3672 8478 466 156 59
3665 8486 447 156 59
3635 8486 447 156 59
3589 8452 442 156 59
3526 8420 443 156 59
3482 8394 420 156 59
3451 8371 423 156 59
3442 8360 412 156 59
3448 8360 409 156 59
3465 8377 409 154 58
3502 8404 410 154 58
3539 8437 409 154 58
3574 8474 407 154 58
3595 8500 407 154 58
3609 8520 409 154 58
3609 8528 389 154 58
3597 8528 386 154 58
3571 8522 386 154 58
3536 8512 393 154 58
3507 8500 399 154 58
3489 8500 407 154 58
3489 8500 415 153 58
3489 8494 415 153 58
3504 8494 389 153 58
3533 8487 158 153 58
3533 8487 0 153 58
3608 8472 0 153 58
3634 8472 0 154 58
3654 8472 0 154 58
3689 8454 0 154 58
3727 8425 0 156 59
3747 8390 0 155 58
3753 8344 0 155 58
3753 8311 0 153 58
3741 8288 0 151 58
3718 8259 0 150 57
3692 8236 0 147 58
3667 8228 0 146 57
3667 8228 56 146 57
3637 8241 91 146 58
3629 8257 99 147 59
3624 8275 137 149 59
3615 8275 153 151 60
3595 8269 225 152 60
3570 8255 279 152 60
3551 8225 332 153 59
3536 8184 339 153 59
3541 8154 361 153 59
3558 8123 396 152 59
3591 8107 407 152 59
3636 8101 415 152 59
3689 8108 417 152 59
3728 8126 402 152 59
3747 8152 361 152 59
3752 8174 317 152 59
3742 8192 172 152 59
3711 8201 56 152 59
3711 8201 0 152 59
3642 8201 0 152 59
3642 8206 0 152 59
3660 8215 0 153 59
3685 8226 0 153 59
3711 8234 0 153 59
3738 8242 0 153 59
3738 8242 237 153 59
3770 8254 307 153 59
3770 8262 345 153 59
3782 8267 364 152 59
3789 8267 371 152 59
3794 8267 391 152 59
3800 8267 413 152 59
3808 8252 425 152 59
3818 8235 420 152 59
3824 8222 440 154 58
3824 8211 530 154 58
3824 8199 645 154 58
3817 8175 697 154 58
3802 8152 708 154 58
3794 8131 728 154 58
3813 8116 730 154 58
3850 8100 722 153 59
3909 8100 670 153 59
3968 8100 512 153 59
4014 8100 24 152 59
