2298 8449 219 140 63
2258 8493 250 141 63
2226 8498 305 143 63
2198 8491 369 144 62
2178 8491 389 144 62
2160 8456 442 144 62
2142 8406 502 144 62
2118 8314 546 144 62
2082 8177 578 143 63
2041 8009 602 143 63
2001 7831 620 143 63
1961 7668 613 140 63
1923 7537 617 140 63
1887 7423 622 138 64
1856 7347 627 137 65
1834 7314 620 135 64
1818 7314 583 133 65
1803 7329 465 133 65
1788 7382 322 133 65
1794 7458 131 133 65
1794 7458 0 133 65
1828 7562 0 133 65
1845 7592 0 133 65
1862 7619 0 133 65
1902 7649 0 133 65
1943 7683 0 135 64
1989 7718 0 135 64
2039 7756 0 135 64
2077 7790 0 137 63
2108 7822 0 137 63
2133 7855 0 138 63
2151 7883 0 138 63
2151 7883 107 137 62
2156 7924 141 138 61
2143 7932 196 138 63
2127 7932 221 138 63
2112 7932 301 138 63
2088 7906 319 137 63
2057 7865 359 137 63
2031 7814 377 135 64
2004 7758 384 135 64
1980 7695 393 137 65
1962 7631 399 137 65
1962 7584 391 137 65
1981 7548 367 137 65
2010 7540 369 137 65
2044 7569 353 137 65
2096 7623 351 137 65
2157 7697 354 137 65
2193 7770 354 137 65
2217 7841 364 137 65
2233 7887 392 137 65
2233 7916 420 137 65
2224 7916 438 138 64
2203 7922 465 138 64
2197 7922 469 137 63
2197 7907 474 138 64
2183 7878 464 138 64
2165 7836 468 140 63
2153 7774 477 138 64
2141 7715 478 138 64
2131 7657 472 138 64
2140 7623 439 138 64
2160 7618 443 138 64
2194 7632 435 138 64
2238 7675 430 138 64
2289 7730 436 137 65
2315 7793 440 137 65
2330 7846 441 137 65
2337 7898 440 137 65
2331 7926 453 138 64
2321 7938 477 137 65
2307 7938 486 137 65
2297 7927 495 137 65
2287 7912 497 137 65
2278 7879 504 137 65
2268 7835 510 137 65
2260 7779 510 137 65
2254 7730 496 137 65
2254 7686 438 138 65
2254 7658 274 138 65
2292 7658 101 138 65
2292 7658 0 138 65
2397 7718 0 138 65
2438 7757 0 138 65
2470 7796 0 138 65
2479 7822 0 140 66
2490 7849 0 140 66
2506 7876 0 142 65
2522 7903 0 144 66
2538 7931 0 144 66
2551 7948 0 147 65
2551 7948 94 146 66
2551 7948 153 146 66
2506 7966 207 146 66
2483 7966 292 142 66
2465 7960 354 142 66
2451 7950 394 139 67
2451 7950 423 139 67
2414 7895 439 139 67
2386 7840 473 137 66
2355 7773 464 137 66
2350 7732 448 138 65
2361 7708 422 138 65
2387 7708 396 138 65
2437 7743 371 138 65
2502 7797 367 138 65
2557 7862 376 140 66
2590 7926 389 140 66
2608 7967 418 140 66
2608 7993 460 140 66
2603 7998 467 140 66
2588 7998 488 140 66
2572 7998 502 140 66
2559 7993 507 140 66
2559 7986 514 140 66
2553 7980 519 140 66
2553 7947 512 140 66
2545 7898 521 142 66
2535 7851 518 142 66
2540 7820 467 142 66
2568 7800 364 142 66
2611 7808 113 142 66
2611 7808 0 144 66
2746 7876 0 144 66
2812 7912 0 144 66
2827 7926 0 144 66
2819 7926 0 144 66
2796 7905 0 142 65
2754 7844 0 143 64
2701 7755 0 143 64
2641 7653 0 141 64
2598 7548 0 141 64
2598 7548 249 141 64
2532 7386 373 143 64
2508 7344 499 143 64
2498 7325 620 142 65
2498 7325 693 144 66
2498 7325 730 144 66
2509 7371 746 144 66
2534 7437 758 144 66
2571 7530 757 146 66
2625 7650 745 146 66
2682 7789 721 146 66
2743 7956 724 148 67
2789 8112 730 148 67
2826 8261 730 149 66
2849 8384 728 151 66
2883 8480 728 152 65
2923 8559 727 153 65
2954 8602 720 153 65
2986 8628 731 153 65
3019 8643 727 154 64
3059 8650 707 154 64
3097 8644 699 154 64
3120 8630 693 155 63
3132 8587 694 155 63
3104 8492 694 155 63
3050 8362 684 155 63
2979 8224 676 155 63
2898 8091 676 157 63
2836 8010 673 156 64
2821 7963 641 156 64
2831 7958 554 155 65
2866 8001 373 155 65
2866 8001 0 154 66
3059 8196 0 154 66
3175 8338 0 154 66
3271 8495 0 154 66
3353 8601 0 154 66
3429 8654 0 155 65
3429 8654 105 156 64
3480 8661 267 154 64
3451 8642 269 154 64
3412 8618 282 155 63
3367 8576 371 155 63
3290 8509 443 155 63
3188 8426 516 157 63
3070 8336 569 157 63
2965 8247 619 157 63
2891 8160 624 156 64
2837 8087 630 156 64
2823 8022 639 156 64
2843 7977 631 155 65
2885 7948 624 155 65
2950 7930 622 154 66
3026 7924 628 153 67
3108 7913 630 153 67
3152 7894 639 151 66
3174 7868 665 149 66
3181 7825 687 149 66
3193 7771 720 149 66
3181 7695 765 147 65
3154 7617 783 147 65
3126 7537 815 146 66
3098 7455 827 146 66
3071 7374 817 146 66
3047 7310 818 146 66
3028 7257 820 144 67
3017 7228 784 144 67
3005 7212 700 144 67
2995 7204 519 146 67
2977 7210 34 146 67
2977 7210 0 146 67
2910 7285 0 146 67
2854 7334 0 146 67
2787 7386 0 144 67
2705 7439 0 144 67
2625 7474 0 144 67
2546 7507 0 146 66
2483 7534 0 148 67
2483 7534 48 149 66
2394 7521 450 149 66
2356 7556 524 149 66
2349 7563 628 152 65
2362 7552 727 152 65
2409 7552 779 152 65
2542 7579 800 151 66
2731 7615 791 149 66
2975 7680 725 149 66
3220 7745 559 149 66
