1461 8151 65 145 65
1461 8151 119 145 65
1466 8178 196 145 65
1466 8184 267 146 64
1466 8184 292 146 64
1466 8184 325 146 64
1466 8173 391 146 64
1466 8161 415 146 64
1466 8129 447 148 63
1461 8085 477 146 64
1455 8034 491 146 64
1446 7983 522 146 64
1439 7931 530 145 64
1439 7869 538 145 64
1429 7828 540 145 64
1422 7800 541 141 64
1422 7783 543 141 64
1422 7783 544 141 64
1422 7783 544 141 64
1422 7783 537 141 64
1422 7804 532 141 64
1422 7834 530 141 64
1422 7876 527 140 63
1422 7923 529 141 64
1422 7974 530 141 64
1432 8018 535 143 63
1445 8060 532 143 63
1460 8090 532 143 63
1475 8112 535 143 63
1492 8128 533 145 64
1515 8134 532 145 64
1542 8134 530 145 64
1562 8123 537 146 64
1579 8108 546 146 64
1587 8087 542 148 63
1582 8060 551 150 64
1569 8029 551 148 65
1532 7996 561 148 65
1493 7973 562 148 65
1452 7947 572 147 65
1423 7919 574 145 65
1408 7905 577 145 65
1403 7905 581 143 64
1411 7893 605 143 64
1425 7883 640 145 64
1449 7869 694 143 63
1479 7851 717 143 63
1504 7834 748 144 62
1526 7817 768 144 62
1543 7799 785 144 62
1553 7792 787 144 62
1559 7792 788 143 63
1559 7792 763 145 64
1559 7792 717 145 64
1565 7798 595 145 64
1565 7798 265 145 64
1565 7798 0 145 64
1570 7835 0 146 64
1576 7856 0 146 64
1584 7876 0 148 65
1609 7898 0 148 65
1645 7919 0 148 65
1686 7940 0 146 64
1719 7952 0 146 64
1737 7958 0 143 64
1748 7958 0 141 64
1748 7953 0 138 64
1748 7953 163 135 64
1748 7953 208 133 65
1715 7930 307 132 65
1707 7941 404 132 65
1707 7941 460 133 66
1707 7941 496 133 66
1698 7941 522 137 66
1683 7941 553 137 66
1664 7941 588 137 66
1639 7924 595 138 65
1611 7904 611 138 65
1590 7878 622 138 65
1582 7856 625 140 65
1582 7831 636 142 65
1598 7801 643 142 65
1619 7787 662 143 64
1648 7787 673 143 64
1679 7787 663 143 64
1710 7803 673 143 64
1734 7827 661 143 64
1753 7857 641 143 64
1759 7888 634 143 64
1753 7916 620 143 64
1740 7939 583 143 64
1725 7944 522 143 64
1708 7938 373 143 64
1690 7915 117 143 64
1690 7915 0 143 64
1696 7883 0 143 64
1721 7888 0 143 64
1755 7907 0 143 63
1790 7925 0 143 63
1829 7939 0 143 63
1859 7947 0 141 64
1882 7947 0 141 64
1894 7947 0 140 65
1907 7947 0 140 65
1907 7947 130 137 65
1907 7947 254 135 65
1907 7947 386 137 66
1907 7947 475 137 66
1907 7947 537 137 66
1907 7947 584 137 66
1907 7947 631 137 66
1865 7926 666 139 67
1844 7912 700 139 67
1823 7898 728 140 66
1803 7878 760 142 65
1794 7858 785 142 65
1800 7838 787 143 64
1808 7818 791 145 65
1818 7805 797 145 65
1840 7796 797 145 65
1863 7789 794 145 65
1887 7789 740 145 65
1915 7803 595 142 65
1941 7829 233 142 65
1941 7829 0 142 65
1975 7872 0 142 65
1981 7898 0 142 65
1992 7914 0 141 64
2002 7927 0 141 64
2013 7934 0 140 65
2024 7939 0 138 64
2024 7939 0 138 64
2019 7939 0 137 65
2019 7939 275 135 64
2019 7939 466 133 65
2019 7939 609 132 65
2019 7939 675 133 66
2019 7939 728 133 66
2003 7914 763 135 65
2003 7892 788 137 66
1997 7862 796 138 65
1983 7829 783 140 65
1983 7813 787 140 65
1988 7813 770 143 64
1988 7801 699 143 64
1994 7801 545 143 64
1994 7807 141 143 64
1994 7807 0 143 64
2013 7820 0 140 65
2023 7843 0 140 65
2034 7861 0 140 65
2043 7881 0 140 65
2043 7903 0 138 64
2043 7916 0 138 64
2037 7930 0 138 64
2037 7930 225 137 63
2021 7962 371 137 63
2021 7985 464 135 64
2026 8007 514 135 64
2041 8026 568 135 64
2059 8036 589 133 65
2075 8044 599 133 65
2090 8049 609 133 65
2105 8049 600 133 65
2112 8055 537 133 65
2112 8055 334 135 64
2112 8055 0 135 64
2125 8055 0 135 64
2130 8048 0 135 64
2136 8041 0 135 64
2145 8033 0 133 65
2168 8023 0 133 65
2193 8010 0 132 64
2219 7997 0 130 65
2237 7983 0 130 65
2251 7972 0 130 65
2251 7972 129 130 65
2251 7972 253 130 65
2251 7972 396 130 65
2251 7972 514 130 65
2251 7972 583 130 65
2251 7972 613 130 65
2251 7972 667 132 64
2224 7979 708 133 65
2200 7979 721 133 65
2172 7969 721 133 65
2140 7949 736 133 65
2110 7910 737 133 65
2087 7880 743 135 64
2087 7857 745 137 65
2099 7831 749 137 65
2122 7818 749 138 64
2151 7818 751 138 64
2186 7818 745 138 64
2222 7843 727 140 63
2246 7874 713 140 63
2264 7904 682 140 63
2264 7937 653 140 63
2259 7971 591 140 63
2246 7978 465 140 63
2224 7978 307 140 63
2202 7958 12 138 64
2202 7958 0 138 64
2162 7884 0 138 64
2162 7866 0 138 64
2172 7866 0 138 64
2201 7866 0 138 64
2244 7882 0 140 63
2295 7908 0 140 63
2325 7920 0 143 63
2345 7931 0 143 63
2357 7936 0 143 63
2357 7936 0 143 63
2365 7936 0 141 64
2374 7936 0 141 64
2381 7926 0 140 65
2381 7908 0 140 65
2381 7908 208 140 65
2360 7869 361 142 65
2333 7861 491 142 65
2298 7861 580 143 64
2254 7834 622 145 64
2199 7804 638 145 64
2136 7774 659 145 64
2034 7729 664 145 64
1897 7681 667 145 64
1736 7626 697 145 64
1553 7581 742 145 64
1418 7545 776 145 64
1316 7554 806 145 64
1245 7596 831 145 64
1213 7659 836 143 63
1206 7731 831 143 63
1257 7822 828 143 63
1351 7926 828 141 63
1474 8009 825 143 62
1639 8067 828 143 62
1807 8109 828 144 62
1949 8099 824 144 62
2072 8066 818 144 62
2146 8018 818 146 62
2164 7957 809 144 62
2144 7895 815 144 62
2079 7833 817 146 63
1990 7774 818 145 64
1884 7716 817 145 64
1764 7640 820 145 64
1668 7565 826 145 64
1588 7492 819 145 64
1581 7473 849 146 64
1621 7466 881 146 64
1692 7466 894 146 64
1833 7485 932 146 64
2004 7526 947 146 64
2196 7583 951 146 64
2348 7604 947 145 64
2485 7626 936 146 64
2612 7649 896 146 64
2695 7658 853 146 64
2738 7667 800 146 64
2753 7676 685 146 64
2764 7689 301 143 64
2764 7689 0 143 64
2730 7718 0 143 64
2675 7718 0 143 64
2598 7702 0 143 64
2506 7670 0 145 64
2464 7634 0 145 64
2441 7609 0 146 63
2430 7594 0 148 63
2416 7582 0 149 63
2403 7582 0 149 63
2387 7582 0 150 62
2368 7595 0 150 62
2344 7603 0 150 62
2322 7609 0 148 61
2301 7609 0 147 62
2284 7609 0 147 62
2274 7617 0 146 62
2263 7626 0 146 62
2250 7635 0 146 62
2243 7644 0 143 62
2229 7653 0 143 62
2209 7661 0 143 62
2186 7661 0 143 62
2166 7656 0 141 61
2154 7656 0 141 61
2149 7656 0 141 61
2149 7656 0 142 61
2159 7661 0 142 61
2170 7661 0 143 62
2181 7668 0 143 62
2194 7668 0 143 62
2207 7668 0 143 62
2227 7661 0 143 62
2227 7661 85 143 62
2227 7661 155 143 62
2228 7693 254 141 63
2238 7702 304 141 63
2244 7713 366 141 63
2244 7722 414 141 63
2235 7729 469 141 63
2223 7729 486 141 63
2198 7729 488 141 63
2164 7704 514 143 63
2128 7672 544 143 63
2094 7643 563 143 63
2066 7614 594 143 63
2057 7584 599 143 63
2057 7574 641 143 63
2074 7574 663 143 63
2103 7568 675 141 63
2141 7563 676 141 63
2177 7575 666 141 63
2204 7596 659 141 63
2226 7615 636 141 63
2239 7637 600 141 63
2239 7661 542 141 63
2239 7676 439 141 63
2233 7688 277 141 63
2233 7688 0 141 63
2214 7688 0 141 63
2205 7674 0 141 63
2198 7663 0 141 63
2198 7658 0 141 63
2211 7658 0 143 62
2236 7667 0 143 62
2258 7682 0 143 62
2274 7699 0 143 62
2286 7710 0 144 61
2298 7720 0 144 61
2298 7720 91 144 61
2298 7720 170 144 61
2304 7761 279 143 62
2312 7768 361 143 62
2317 7768 431 143 62
2317 7758 514 144 62
2323 7743 578 144 62
2323 7720 608 144 62
2323 7696 611 144 62
2323 7673 619 144 62
2317 7652 622 144 62
2317 7632 614 144 62
2317 7624 586 144 62
2317 7624 546 143 63
2317 7624 492 143 63
2317 7629 468 143 63
2317 7637 466 141 63
2325 7649 461 141 63
2332 7673 474 141 63
2343 7697 485 141 63
2354 7721 504 143 63
2366 7739 515 143 63
2380 7754 526 143 63
2393 7762 532 143 63
2404 7762 536 143 63
2415 7768 553 145 64
2423 7755 561 145 64
2429 7737 569 145 64
2429 7713 572 145 64
2429 7692 572 145 64
2429 7672 567 145 64
2429 7652 554 145 64
2429 7652 527 145 64
2429 7657 475 143 63
2434 7662 418 143 63
2434 7682 382 143 63
2445 7705 376 143 63
2455 7729 381 143 63
2465 7749 399 143 63
2478 7765 433 145 64
2488 7775 473 145 64
2496 7775 516 145 64
2519 7781 537 145 64
2537 7781 554 146 64
2552 7774 581 146 64
2564 7756 585 146 64
2564 7732 597 146 64
2564 7701 597 146 64
2564 7677 580 146 64
2564 7657 486 146 64
2564 7649 223 146 64
2564 7649 0 146 64
2584 7649 0 146 64
2593 7669 0 146 64
2608 7694 0 146 64
2623 7721 0 146 64
2638 7741 0 148 65
2643 7756 0 148 65
2643 7756 191 148 65
2643 7756 337 148 65
2643 7756 443 148 65
2631 7784 509 148 65
2631 7784 516 148 65
2653 7784 529 148 65
2680 7795 538 148 65
2698 7804 541 146 64
2712 7812 541 146 64
2722 7817 546 145 64
2722 7817 536 145 64
2722 7817 540 143 63
2717 7817 521 143 63
2710 7817 510 141 63
2689 7817 514 141 63
2658 7805 551 141 63
2627 7783 588 143 63
2598 7757 650 143 63
2569 7725 716 145 64
2551 7694 757 145 64
2557 7665 777 146 64
2578 7652 796 146 64
2616 7636 785 146 64
2658 7636 783 146 64
2697 7655 757 146 64
2731 7669 679 146 64
2751 7685 489 146 64
2772 7704 53 145 64
2772 7704 0 145 64
2800 7747 0 145 64
2806 7769 0 143 63
2813 7788 0 143 63
2813 7804 0 143 63
2813 7811 0 141 63
2803 7811 0 141 63
2792 7805 0 141 63
2792 7805 213 143 62
2792 7805 320 143 62
2766 7805 417 143 62
2776 7814 475 144 62
2795 7821 519 144 62
2822 7828 544 144 62
2847 7828 545 146 63
2870 7828 554 146 63
2879 7818 609 146 63
2888 7807 653 146 63
2888 7792 666 143 63
2877 7779 693 143 63
2857 7768 694 143 63
2831 7745 705 143 63
2802 7724 717 143 63
2789 7705 731 143 63
2773 7687 746 143 63
2756 7661 749 143 63
2756 7655 752 143 63
2772 7662 758 143 63
2788 7655 750 143 63
2817 7660 755 143 63
2845 7672 714 143 63
2871 7678 636 143 63
2885 7685 502 143 63
2894 7694 148 143 63
2894 7694 0 143 63
2893 7712 0 143 63
2878 7724 0 143 63
2862 7738 0 143 63
2842 7752 0 143 63
2818 7765 0 143 63
2818 7765 80 141 63
2760 7748 315 143 62
2733 7737 477 143 62
2708 7737 564 143 62
2708 7737 597 143 62
2728 7737 613 141 63
2753 7743 619 141 63
2780 7759 610 141 63
2806 7782 546 141 63
2818 7795 379 143 63
2818 7795 0 143 63
2818 7813 0 143 63
2796 7822 0 143 63
2763 7829 0 143 63
2731 7836 0 143 63
2691 7845 0 144 62
2645 7856 0 144 62
2583 7861 0 144 62
2521 7861 0 147 62
2459 7861 0 147 62
2393 7856 0 147 62
2346 7849 0 148 61
2312 7839 0 148 61
2294 7828 0 148 61
2294 7828 218 148 61
2294 7828 282 147 62
2331 7860 377 147 62
2352 7881 448 147 62
2383 7905 456 144 62
2413 7922 458 144 62
2439 7932 410 143 63
2461 7932 143 143 63
2461 7932 0 141 64
2493 7932 0 141 64
2508 7927 0 140 65
2523 7921 0 140 65
2556 7913 0 140 65
2607 7902 0 142 65
2670 7890 0 143 64
2733 7877 0 145 64
2781 7857 0 146 62
2820 7835 0 145 60
2854 7813 0 146 58
2877 7793 0 144 57
2893 7774 0 143 56
2893 7757 0 140 55
2898 7746 0 140 55
2898 7739 0 139 55
2898 7727 0 139 56
2904 7715 0 139 57
2909 7703 0 139 58
2909 7691 0 138 59
2917 7681 0 139 60
2917 7670 0 138 60
2917 7661 0 139 61
2917 7655 0 139 61
2912 7655 0 139 61
2907 7655 0 138 61
2902 7655 0 138 61
2902 7655 0 138 61
2902 7655 0 138 61
2902 7655 0 138 61
2907 7665 0 139 61
2913 7674 0 139 61
2921 7687 0 139 61
2932 7703 0 138 61
2939 7717 0 140 62
2939 7717 245 140 62
2939 7717 412 140 62
2939 7717 551 141 63
2939 7717 602 141 63
2939 7717 620 141 63
2939 7717 644 141 63
2939 7717 646 141 64
2926 7671 650 141 64
2926 7642 644 141 64
2926 7625 609 141 64
2926 7620 493 141 64
2926 7612 146 141 64
2926 7612 0 141 64
2936 7619 0 141 64
2949 7649 0 140 63
2971 7684 0 140 63
2998 7722 0 140 63
3012 7741 0 140 63
3012 7741 262 138 63
3012 7741 439 140 62
3012 7741 565 141 63
3012 7741 634 141 63
3012 7741 679 141 63
2991 7702 694 140 63
2999 7678 702 140 63
2999 7654 690 141 64
3007 7640 663 141 64
3007 7634 569 141 64
3013 7628 230 141 64
