1068 7895 89 144 62
1068 7895 200 146 62
1068 7895 202 147 61
1110 7920 207 147 61
1169 7948 281 147 61
1256 7985 361 147 61
1364 8022 423 146 62
1487 8057 423 146 62
1638 8087 448 146 62
1795 8109 450 147 62
1949 8123 455 147 62
2099 8131 456 147 62
2221 8113 453 147 62
2289 8080 445 147 62
2322 8036 455 147 62
2301 7972 465 147 62
2231 7894 483 147 61
2127 7814 504 146 62
1975 7730 522 146 62
1781 7642 537 146 62
1560 7552 557 146 62
1371 7481 589 146 62
1220 7421 634 147 61
1093 7401 678 145 60
1023 7396 708 145 60
1023 7396 714 144 60
1078 7404 721 144 60
1206 7436 730 145 59
1405 7487 736 143 59
1650 7549 748 145 59
1963 7610 740 145 59
2359 7690 740 146 60
2809 7782 740 146 60
3281 7893 737 148 60
3753 7996 727 148 60
4148 8093 668 148 60
4490 8147 491 149 59
4490 8147 0 149 59
4705 8153 0 149 59
4605 8117 0 150 58
4438 8085 0 150 58
4222 8057 0 147 59
3974 8016 0 147 59
3733 7971 0 146 58
3533 7926 0 144 58
3359 7883 0 144 57
3238 7861 0 144 56
3168 7849 0 145 54
3133 7843 0 145 53
3117 7838 0 145 51
3102 7829 0 146 49
3077 7817 0 148 47
3045 7805 0 148 46
3016 7789 0 147 46
2986 7779 0 146 46
2956 7772 0 145 45
2926 7766 0 144 46
2885 7759 0 143 46
2837 7752 0 140 47
2777 7752 0 140 48
2707 7747 0 139 48
2629 7747 0 140 50
2546 7747 0 140 51
2485 7747 0 141 51
2438 7747 0 142 53
2417 7754 0 142 54
2412 7767 0 143 55
2417 7781 0 144 56
2417 7796 0 144 57
2417 7803 0 144 57
2424 7803 0 144 57
2433 7803 0 143 57
2433 7803 0 143 57
2433 7803 0 143 57
2427 7803 0 143 57
2427 7803 0 143 57
2427 7803 0 142 58
2427 7811 0 142 58
2427 7818 0 142 58
2421 7825 0 141 59
2421 7825 0 141 59
2421 7820 0 141 59
2421 7820 0 138 59
2428 7820 0 138 59
2442 7820 0 138 59
2461 7820 0 138 59
2482 7829 0 138 59
2501 7829 0 138 59
2518 7837 0 138 59
2532 7837 0 138 59
2543 7847 0 138 59
2543 7847 53 139 58
2543 7847 109 139 58
2543 7847 170 139 58
2543 7847 244 139 58
2543 7847 291 139 58
2543 7847 334 140 58
2543 7847 393 142 58
2508 7866 418 142 58
2489 7866 428 142 58
2462 7855 456 142 58
2430 7843 474 142 58
2406 7832 465 142 58
2389 7817 473 142 58
2384 7801 477 140 58
2384 7783 473 139 58
2379 7765 472 139 58
2391 7749 475 139 58
2414 7739 477 139 58
2443 7732 470 138 59
2472 7732 467 138 59
2503 7732 469 138 59
2531 7739 469 138 59
2553 7748 453 139 60
2570 7757 455 139 60
2576 7765 456 139 60
2576 7781 460 139 60
2576 7802 471 139 60
2581 7828 481 139 60
2581 7851 509 141 59
2581 7860 524 141 59
2574 7860 536 141 59
2574 7860 539 142 58
2574 7860 537 142 58
2574 7855 538 142 58
2582 7843 513 143 57
2588 7827 486 143 57
2594 7810 414 143 57
2610 7794 287 142 58
2631 7779 46 143 59
2631 7779 0 143 59
2669 7774 0 143 59
2684 7788 0 143 59
2694 7800 0 142 58
2710 7813 0 142 58
2722 7826 0 140 58
2728 7833 0 140 58
2728 7839 0 139 57
2728 7839 0 139 57
2720 7839 0 139 57
2711 7839 0 138 57
2696 7839 0 138 57
2683 7839 0 138 57
2671 7844 0 138 57
2671 7844 101 138 57
2671 7844 134 139 57
2671 7844 206 139 57
2671 7844 257 139 57
2671 7844 289 140 58
2671 7844 302 140 58
2671 7844 304 140 58
2671 7844 315 139 57
2687 7818 345 139 57
2698 7798 336 139 57
2710 7782 341 139 57
2723 7773 333 139 57
2736 7768 333 138 57
2748 7768 335 138 57
2763 7768 337 139 57
2777 7784 334 139 57
2792 7802 367 139 57
2801 7818 412 140 58
2806 7835 439 140 58
2811 7855 461 140 58
2811 7878 486 142 58
2811 7893 496 142 58
2811 7904 477 142 58
2811 7904 418 143 57
2811 7904 255 143 57
2811 7904 0 143 57
2811 7872 0 143 57
2816 7863 0 143 57
2816 7863 0 143 57
2827 7856 0 143 57
2838 7856 0 143 57
2853 7869 0 143 57
2868 7877 0 143 57
2879 7885 0 142 57
2888 7897 0 142 57
2897 7912 0 142 57
2906 7928 0 140 56
2906 7928 153 140 56
2914 7965 184 142 57
2914 7970 253 142 57
2914 7970 292 142 58
2914 7970 317 142 58
2914 7959 335 143 59
2914 7942 343 142 59
2905 7918 366 142 59
2905 7889 386 142 59
2905 7861 387 142 59
2905 7836 367 143 59
2905 7819 289 143 59
2905 7808 113 143 59
2905 7808 0 142 58
2922 7825 0 142 58
2933 7846 0 142 58
2943 7870 0 142 58
2954 7905 0 140 58
2974 7947 0 140 58
2995 8005 0 140 58
3016 8059 0 140 58
3030 8092 0 140 58
3035 8112 0 140 58
3035 8112 274 140 58
3035 8112 302 142 58
3035 8112 324 142 58
3035 8112 309 142 58
3035 8112 233 142 58
3035 8112 41 142 58
3035 8112 0 142 58
3035 8112 0 142 58
3074 8128 0 142 58
3090 8138 0 142 58
3090 8138 0 142 58
3133 8161 0 142 58
3159 8171 0 142 58
3181 8178 0 143 57
3193 8178 0 142 57
3202 8178 0 142 57
3202 8173 0 142 57
3202 8173 68 142 57
3202 8173 80 142 57
3202 8173 101 142 57
3202 8132 146 142 57
3202 8109 160 142 57
3202 8077 173 142 57
3202 8044 184 142 57
3202 8013 175 142 57
3193 7987 213 140 58
3185 7974 215 140 58
3185 7974 213 140 58
3185 7968 210 140 58
3179 7973 196 140 58
3172 7983 195 140 58
3162 7993 210 140 58
3150 8005 206 142 58
3130 8019 244 142 58
3104 8019 314 142 58
3080 8019 354 142 58
3059 8019 441 142 58
3044 8003 465 142 58
3035 7989 527 142 58
3035 7970 545 142 58
3028 7941 570 142 58
3028 7915 572 142 58
3049 7896 584 142 58
3076 7882 588 142 58
3095 7866 565 142 57
3113 7861 495 142 57
3131 7861 245 142 57
3131 7861 0 140 56
3164 7876 0 140 56
3192 7895 0 141 56
3224 7931 0 141 56
3261 7965 0 140 56
3304 7993 0 140 56
3349 8010 0 140 58
3391 8017 0 140 58
3418 8011 0 139 58
3435 7996 0 141 59
3435 7980 0 139 60
3423 7965 0 138 60
3403 7955 0 138 60
3379 7949 0 138 60
3358 7941 0 138 60
3343 7941 0 138 60
3331 7941 0 138 60
3331 7941 63 138 60
3331 7941 361 138 60
3331 7941 472 138 60
3331 7941 611 138 60
3331 7941 690 138 59
3308 7967 731 138 59
3314 7967 728 138 59
3320 7967 733 139 58
3320 7967 687 139 58
3325 7967 565 139 58
3333 7960 176 142 58
3333 7960 0 142 58
3386 7969 0 142 58
3410 7987 0 141 59
3435 8009 0 141 59
3462 8034 0 141 59
3503 8062 0 142 59
3554 8088 0 142 59
3597 8108 0 144 60
3619 8119 0 144 60
3626 8129 0 145 60
3626 8139 0 147 61
3607 8153 0 147 61
3581 8165 0 147 61
3556 8176 0 148 60
3531 8188 0 148 60
3506 8200 0 148 60
3476 8200 0 147 59
3443 8207 0 147 59
3418 8207 0 146 58
3398 8218 0 146 58
3398 8227 0 146 58
3398 8238 0 146 57
3398 8238 141 146 57
3398 8238 206 146 57
3432 8252 322 144 57
3474 8259 394 144 57
3533 8270 423 146 57
3595 8287 449 146 57
3655 8303 447 146 57
3701 8315 450 147 56
3737 8327 455 147 56
3750 8335 468 147 56
3741 8335 464 148 56
3718 8341 467 148 56
3673 8341 480 148 56
3611 8329 478 148 56
3538 8313 526 148 56
3474 8293 564 148 56
3443 8271 570 148 56
3435 8248 561 148 56
3455 8228 570 149 56
3494 8198 574 149 56
3546 8164 561 149 56
3617 8127 560 149 56
3687 8089 563 149 56
3753 8051 575 148 57
3784 8014 602 148 57
3796 7997 673 148 57
3785 7975 676 147 58
3739 7944 693 147 58
3670 7913 675 147 58
3592 7883 636 147 58
3516 7853 514 147 58
3444 7824 232 146 57
3444 7824 0 146 57
3353 7771 0 143 57
3309 7750 0 143 57
3250 7733 0 142 57
3180 7720 0 140 56
3092 7699 0 141 56
2990 7680 0 140 55
2879 7660 0 139 55
2741 7639 0 139 55
2578 7615 0 140 54
2397 7589 0 140 54
2204 7560 0 141 53
2002 7524 0 142 54
1795 7493 0 142 54
1619 7466 0 143 55
1500 7461 0 144 56
1420 7476 0 145 56
1382 7504 0 144 57
1377 7538 0 146 57
1395 7573 0 144 58
1430 7610 0 144 58
1465 7642 0 146 58
1497 7654 0 146 58
1519 7654 0 146 58
1536 7629 0 145 59
1536 7595 0 145 59
1527 7556 0 145 59
1522 7534 0 145 59
1522 7534 0 145 59
1514 7534 0 145 59
1509 7557 0 145 59
1509 7592 0 144 60
1514 7637 0 144 60
1526 7688 0 144 60
1544 7747 0 144 60
1544 7747 89 144 60
1588 7891 148 144 60
1605 7983 141 144 60
1620 8083 193 144 60
1641 8133 257 144 60
1658 8172 327 144 60
1664 8205 377 144 60
1664 8205 391 144 60
1664 8194 427 143 59
1654 8148 473 143 59
1641 8080 526 143 59
1623 7965 572 144 58
1607 7824 606 144 58
1592 7665 614 143 59
1576 7509 611 143 59
1561 7390 588 143 59
1561 7297 524 143 59
1561 7245 409 143 59
1561 7228 173 142 58
1561 7228 0 142 58
1566 7272 0 142 58
1574 7309 0 142 58
1563 7345 0 142 58
1541 7372 0 142 58
1516 7386 0 142 58
1494 7391 0 143 59
1477 7391 0 143 59
1464 7385 0 143 59
1441 7377 0 144 58
1413 7363 0 144 58
1376 7348 0 144 58
1341 7336 0 144 58
1308 7327 0 143 57
1308 7327 0 143 57
1267 7320 0 143 57
1256 7320 0 142 57
1256 7320 0 142 57
1267 7333 0 142 57
1291 7355 0 142 57
1332 7382 0 139 57
1332 7382 49 139 57
1415 7438 80 139 57
1435 7438 148 139 57
1443 7443 208 139 57
1443 7438 256 138 58
1424 7427 287 138 58
1400 7407 282 138 58
1361 7380 304 138 58
1318 7349 358 138 58
1272 7318 413 136 57
1228 7287 440 136 57
1186 7260 468 136 56
1169 7238 464 136 56
1169 7233 471 135 55
1179 7227 464 135 55
1198 7221 467 134 56
1235 7221 473 132 55
1282 7229 473 132 55
1332 7236 475 132 55
1378 7236 475 134 56
1410 7236 475 134 56
1435 7236 477 134 56
1445 7222 486 135 57
1445 7211 507 135 57
1438 7197 524 136 57
1417 7177 548 136 57
1383 7153 561 136 57
1341 7130 584 136 57
1294 7110 584 138 57
1242 7092 580 136 56
1186 7079 570 136 56
1152 7079 544 134 56
1137 7085 423 132 55
1137 7085 167 132 55
1137 7085 0 131 55
1163 7137 0 131 55
1199 7159 0 131 55
1236 7184 0 132 55
1275 7211 0 132 55
1314 7238 0 134 56
1353 7261 0 135 57
1385 7276 0 136 57
1412 7289 0 138 58
1422 7297 0 138 58
1422 7297 0 138 58
1422 7297 115 138 58
1422 7297 137 139 57
1417 7323 218 139 57
1417 7330 259 139 57
1431 7337 294 139 57
1446 7344 301 139 57
1463 7344 316 139 57
1481 7351 309 139 57
1501 7351 309 139 57
1510 7351 315 139 57
1510 7346 324 139 57
1510 7346 344 139 57
1503 7341 371 140 58
1493 7341 402 140 58
1478 7331 425 140 58
1453 7318 446 140 58
1420 7299 447 140 58
1398 7278 469 139 57
1383 7258 468 139 57
1383 7238 473 139 57
1389 7218 468 139 57
1403 7192 450 138 57
1425 7167 445 138 57
1452 7156 440 138 57
1481 7156 445 138 57
1506 7165 448 138 57
1529 7187 455 139 57
1548 7216 468 139 57
1560 7253 469 139 57
1567 7290 475 139 57
1562 7327 497 139 57
1550 7363 499 139 57
1534 7390 514 139 57
1511 7407 538 139 57
1504 7420 543 140 58
1504 7431 545 140 58
1518 7431 546 139 58
1532 7437 545 139 58
1556 7437 539 139 58
1592 7437 541 139 58
1636 7442 524 139 58
1682 7442 519 139 58
1722 7437 483 139 58
1744 7428 478 139 58
1755 7415 488 138 58
1748 7397 499 138 58
1730 7378 510 138 58
1705 7360 519 138 58
1672 7343 519 138 57
1637 7328 535 138 57
1600 7313 538 138 57
1591 7308 535 138 57
1584 7300 540 139 57
1579 7282 526 139 57
1579 7282 519 140 56
1606 7243 522 139 57
1631 7230 507 139 57
1666 7222 495 139 57
1708 7222 480 139 57
1751 7222 465 139 57
1793 7235 474 139 57
1823 7256 467 139 57
1844 7277 496 139 57
1858 7296 544 140 58
1858 7311 561 140 58
1852 7325 588 140 58
1846 7340 608 142 58
1833 7345 622 142 58
1814 7345 617 142 58
1800 7350 544 142 58
1776 7338 307 142 58
1776 7338 0 142 58
1733 7316 0 142 58
1733 7327 0 142 58
1733 7343 0 142 58
1748 7362 0 142 58
1784 7353 0 142 58
1836 7385 0 140 58
1923 7445 0 142 57
2015 7466 0 140 56
2112 7489 0 140 56
2208 7513 0 140 56
2279 7538 0 140 56
2335 7562 0 141 56
2371 7589 0 141 56
2390 7619 0 143 56
2397 7643 0 144 57
2412 7665 0 144 57
2429 7682 0 144 58
2451 7697 0 144 58
2451 7697 110 146 58
2508 7747 103 145 59
2532 7777 173 145 59
2570 7810 265 145 60
2601 7844 359 145 60
2627 7877 465 145 60
2644 7910 564 147 61
2632 7941 628 147 61
2601 7967 668 147 61
2522 7992 696 148 61
2398 7987 707 150 60
2244 7963 728 151 61
2032 7905 753 151 61
1861 7847 796 150 62
1716 7799 794 150 62
1638 7759 767 150 62
1646 7738 754 150 62
1710 7717 731 150 62
1859 7698 672 150 62
2086 7693 622 150 62
2365 7693 647 150 62
2660 7693 667 150 62
2883 7681 697 150 62
3058 7656 734 150 62
3081 7623 832 150 62
2995 7585 861 151 61
2835 7533 869 151 61
2560 7472 869 152 60
2203 7399 818 151 60
1791 7326 819 151 60
1387 7250 833 150 58
986 7172 858 150 58
688 7172 878 149 58
456 7192 900 147 59
399 7224 906 147 59
493 7307 941 146 58
687 7467 940 145 59
1106 7678 946 145 59
1657 7873 909 145 59
2295 8068 636 146 60
