1901 8021 63 135 60
1874 8004 173 135 60
1858 8004 244 138 60
1853 8004 274 138 60
1853 8004 305 139 61
1853 7998 338 141 60
1861 7998 398 141 60
1885 7998 420 141 60
1921 8018 422 141 60
1958 8040 433 141 60
1997 8066 428 141 60
2039 8103 431 141 60
2078 8139 422 142 59
2103 8173 398 142 59
2120 8193 373 142 59
2120 8204 286 142 59
2083 8210 246 142 58
2027 8190 206 142 58
1937 8152 220 143 59
1840 8091 223 144 58
1738 8016 237 144 58
1638 7933 254 143 59
1571 7848 279 143 59
1525 7768 314 145 59
1517 7706 341 145 59
1542 7654 369 144 60
1589 7610 389 144 60
1659 7594 392 144 60
1732 7594 334 144 60
1812 7628 103 144 60
1812 7628 0 144 60
1954 7708 0 145 59
1994 7738 0 145 59
2025 7763 0 145 59
2049 7781 0 145 59
2049 7781 0 145 59
2049 7781 0 145 59
2049 7781 247 144 58
2049 7747 319 144 58
2039 7747 327 144 58
2018 7747 325 144 58
2018 7747 314 143 59
2024 7747 218 143 59
2024 7747 0 143 59
2072 7747 0 143 59
2103 7754 0 143 59
2137 7771 0 143 59
2194 7803 0 143 59
2266 7841 0 143 59
2292 7882 0 143 57
2335 7934 0 144 58
2389 7983 0 146 57
2428 8016 0 146 57
2440 8040 0 144 58
2433 8051 0 144 58
2412 8069 0 144 58
2393 8093 0 143 59
2374 8124 0 142 59
2369 8149 0 142 59
2364 8170 0 142 59
2364 8170 96 141 59
2364 8170 137 142 58
2340 8104 179 142 58
2331 8037 251 140 58
2324 7944 299 142 57
2324 7862 310 142 57
2340 7787 337 142 57
2361 7737 346 140 58
2387 7710 361 140 58
2415 7698 386 140 58
2452 7711 398 142 58
2493 7763 398 142 58
2532 7840 399 142 58
2549 7927 386 142 58
2554 8002 317 142 58
2554 8069 113 144 58
2554 8069 0 144 58
2543 8133 0 144 58
2543 8143 0 146 57
2543 8129 0 146 57
2543 8097 0 144 58
2559 8054 0 144 58
2559 8054 60 144 58
2592 7928 225 146 58
2607 7899 284 146 58
2621 7893 299 146 58
2654 7866 306 146 58
2682 7838 327 147 58
2700 7808 366 147 58
2714 7777 391 147 58
2723 7754 396 146 57
2728 7737 396 146 57
2728 7737 389 144 58
2735 7737 391 143 57
2742 7748 345 143 57
2769 7796 337 143 57
2808 7848 307 143 57
2844 7903 304 143 57
2869 7935 316 144 58
2887 7964 304 146 57
2887 7975 320 146 57
2877 7975 327 147 58
2863 7967 335 149 58
2838 7937 354 149 58
2815 7893 379 147 59
2809 7862 388 147 59
2814 7831 394 147 59
2814 7802 407 147 59
2834 7782 413 147 59
2857 7765 417 149 58
2883 7753 415 149 58
2913 7759 409 146 58
2950 7776 391 146 58
2994 7811 399 146 58
3037 7852 389 144 58
3068 7896 399 144 58
3092 7934 392 146 57
3092 7955 404 144 57
3092 7964 412 144 57
3092 7964 415 146 57
3092 7948 425 146 57
3086 7918 433 146 57
3086 7879 440 146 57
3094 7847 441 146 57
3113 7824 440 146 57
3130 7816 433 146 57
3153 7816 414 144 57
3183 7837 412 144 57
3215 7866 394 145 56
3242 7902 392 144 56
3266 7938 399 144 56
3284 7971 409 144 56
3295 8001 425 144 56
3301 8001 417 144 56
3301 8001 441 145 56
3301 7990 455 144 57
3301 7967 465 144 57
3306 7928 469 144 57
3312 7889 428 144 57
3319 7852 274 144 57
3319 7852 0 144 57
3337 7839 0 144 57
3347 7878 0 144 57
3347 7932 0 143 56
3340 7996 0 143 56
3325 8051 0 144 57
3309 8085 0 144 57
3291 8104 0 144 57
3291 8104 190 144 57
3256 8104 289 146 57
3256 8114 279 144 58
3269 8139 242 144 58
3297 8150 232 144 58
3322 8156 191 146 57
3349 8156 96 146 57
3349 8156 0 147 58
3419 8122 0 148 57
3459 8104 0 148 57
3497 8090 0 148 57
3525 8067 0 147 58
3525 8067 73 147 58
3548 8031 139 147 58
3548 8007 175 147 58
3548 7983 171 146 58
3558 7958 196 147 59
3565 7939 212 147 59
3571 7924 218 147 59
3580 7911 235 147 59
3588 7901 244 146 58
3588 7893 247 147 58
3588 7893 228 147 58
3578 7898 195 148 57
3557 7905 184 147 56
3529 7910 171 147 56
3502 7910 207 148 56
3476 7902 251 148 56
3452 7884 287 148 56
3428 7857 301 146 55
3416 7829 306 145 56
3416 7801 291 145 56
3416 7773 233 145 56
3429 7756 60 144 57
3429 7756 0 144 57
3486 7757 0 144 57
3521 7777 0 144 57
3559 7804 0 146 57
3601 7821 0 146 57
3644 7832 0 146 57
3644 7832 212 147 58
3672 7832 245 147 58
3690 7826 257 147 58
3723 7826 282 147 58
3766 7840 284 147 58
3813 7859 317 147 58
3845 7885 332 148 57
3868 7915 342 150 57
3890 7944 337 150 57
3890 7985 342 150 57
3890 8034 333 151 58
3867 8087 344 151 58
3821 8149 335 151 58
3757 8217 341 151 58
3653 8286 371 151 58
3525 8355 319 152 57
3382 8397 221 152 57
3176 8422 99 152 57
2941 8409 51 152 57
2686 8392 96 152 57
2431 8347 180 152 56
2232 8284 208 152 56
2069 8201 225 151 56
1918 8100 226 149 56
1809 7987 230 149 56
1729 7872 230 148 57
1702 7761 233 148 57
1714 7654 246 148 57
1752 7544 245 149 58
1829 7444 245 149 58
1945 7351 250 149 58
2086 7296 269 147 58
2243 7268 287 147 58
2402 7259 304 146 57
2562 7302 325 147 56
2731 7371 317 145 56
2838 7457 314 145 56
2904 7544 317 145 56
2926 7623 314 145 56
2903 7689 314 145 56
2850 7731 345 145 56
2777 7757 377 144 57
2706 7757 382 144 57
2656 7745 386 146 57
2619 7719 394 146 57
2613 7683 396 146 57
2613 7618 398 147 58
2643 7552 396 147 58
2692 7484 399 147 58
2737 7416 389 147 58
2767 7370 392 149 58
2786 7339 392 150 57
2773 7312 369 150 57
2735 7288 342 150 57
2679 7267 307 148 57
2603 7267 289 149 56
2544 7276 280 149 56
2497 7301 287 148 56
2473 7329 306 148 56
2473 7361 314 148 56
2493 7396 361 148 56
2561 7442 413 148 56
2662 7485 470 148 56
2785 7523 517 147 56
2928 7552 526 147 56
3072 7577 524 147 56
3218 7598 509 147 56
3332 7607 342 147 56
