1252 7766 60 138 60
1151 7711 112 136 61
1085 7683 148 136 61
1015 7655 180 135 60
950 7622 171 135 60
895 7590 191 135 60
847 7561 220 135 60
813 7535 207 136 61
788 7513 225 136 61
775 7493 246 138 61
765 7480 253 138 61
757 7472 249 141 61
764 7472 249 141 61
774 7472 254 141 61
812 7472 242 141 61
867 7472 247 141 61
948 7487 249 141 61
1042 7501 247 139 61
1144 7515 245 139 61
1211 7523 245 138 60
1246 7523 247 136 60
1259 7507 250 136 60
1259 7489 260 135 59
1240 7467 279 135 59
1214 7442 273 134 58
1168 7412 282 134 58
1107 7388 281 134 58
1037 7369 277 134 58
971 7361 287 134 58
924 7361 232 136 58
890 7370 155 136 58
877 7381 53 136 58
877 7381 0 138 59
893 7410 0 138 59
927 7428 0 138 59
979 7445 0 138 59
1043 7461 0 138 59
1119 7478 0 138 59
1191 7489 0 138 59
1254 7497 0 138 59
1312 7542 0 139 58
1357 7554 0 139 58
1387 7545 0 141 59
1406 7538 0 142 58
1413 7527 0 141 59
1413 7527 100 141 59
1413 7527 170 141 59
1413 7527 216 139 60
1413 7527 250 139 60
1413 7527 260 139 60
1413 7527 254 136 60
1413 7527 56 136 60
1413 7527 0 136 60
1413 7527 0 136 60
1413 7527 0 136 60
1413 7527 0 136 60
1413 7527 0 138 60
1412 7502 0 139 60
1430 7496 0 139 60
1454 7496 0 142 59
1483 7478 0 142 59
1513 7460 0 144 60
1535 7438 0 145 59
1552 7414 0 145 59
1563 7404 0 145 59
1572 7404 0 144 60
1580 7412 0 144 60
1580 7432 0 144 60
1580 7432 44 142 61
1588 7498 105 142 61
1588 7546 137 142 61
1588 7600 134 139 61
1582 7667 148 139 61
1582 7744 142 139 61
1582 7829 134 139 61
1582 7910 148 139 61
1573 7965 167 139 61
1563 8004 180 139 61
1556 8024 185 139 61
1551 8024 190 139 61
1551 8016 191 139 61
1551 7983 193 139 61
1551 7943 193 139 61
1559 7892 195 139 61
1582 7839 196 139 61
1614 7786 196 139 61
1650 7726 198 139 61
1685 7671 202 139 61
1712 7629 203 139 61
1734 7594 203 139 61
1758 7575 212 138 60
1780 7575 207 138 60
1798 7575 216 139 61
1814 7595 219 139 61
1814 7615 206 139 61
1814 7637 203 139 61
1799 7650 180 139 61
1771 7660 187 139 61
1733 7660 170 139 61
1687 7650 181 139 61
1652 7635 183 139 61
1621 7623 190 139 61
1613 7614 188 139 61
1619 7607 195 139 61
1627 7601 203 139 61
1650 7601 207 138 60
1683 7601 217 138 60
1719 7601 206 138 60
1755 7616 212 138 60
1788 7637 216 138 60
1819 7663 214 138 60
1840 7693 211 138 60
1850 7723 212 139 61
1850 7751 214 139 61
1845 7775 216 139 61
1836 7793 218 139 61
1826 7806 223 139 61
1819 7813 232 139 61
1819 7813 228 139 61
1819 7813 226 139 61
1819 7802 223 141 61
1819 7777 223 141 61
1819 7743 218 141 61
1831 7713 206 141 61
1850 7687 217 141 61
1870 7665 217 141 61
1891 7648 222 141 61
1912 7643 206 141 61
1933 7643 212 139 61
1956 7660 225 139 61
1978 7687 225 139 61
1992 7724 226 138 60
2001 7762 228 138 60
2001 7797 235 138 60
1988 7825 237 139 60
1974 7845 246 139 60
1968 7856 244 139 60
1962 7856 241 139 60
1962 7856 256 139 60
1962 7856 254 141 59
1973 7845 256 141 59
1986 7823 254 141 59
2000 7796 254 141 59
2017 7769 256 141 59
2035 7741 254 139 60
2056 7714 254 139 60
2076 7696 256 139 60
2101 7683 254 139 60
2127 7683 247 139 60
2160 7699 226 138 59
2193 7729 196 138 59
2224 7772 158 138 59
2243 7814 122 138 59
2256 7853 105 138 59
2256 7884 103 136 58
2243 7909 129 138 58
2223 7915 170 138 58
2200 7908 171 138 58
2175 7890 191 139 57
2148 7871 203 139 57
2138 7851 208 139 57
2131 7829 212 139 57
2131 7810 212 139 57
2137 7792 215 140 58
2152 7772 212 139 58
2171 7754 215 139 58
2193 7740 207 139 58
2217 7728 216 138 59
2239 7728 228 138 59
2263 7746 237 136 58
2288 7768 239 136 58
2305 7795 239 136 58
2317 7823 242 136 58
2317 7852 246 136 58
2301 7867 244 136 58
2280 7879 237 136 58
2251 7879 237 139 58
2223 7868 239 139 58
2199 7856 240 139 58
2180 7845 239 140 58
2174 7833 240 140 58
2174 7820 240 140 58
2188 7806 244 138 58
2206 7806 251 138 58
2234 7806 256 138 58
2260 7818 247 138 58
2284 7834 255 138 58
2311 7852 275 138 58
2338 7877 274 138 58
2356 7904 281 138 58
2369 7932 284 138 58
2369 7953 294 138 58
2360 7969 301 138 58
2355 7976 304 138 58
2349 7976 305 138 58
2349 7976 314 138 58
2349 7966 316 136 58
2349 7942 317 135 58
2349 7909 314 136 58
2355 7879 314 136 58
2366 7857 312 136 58
2382 7840 314 138 58
2402 7828 312 139 58
2423 7822 316 139 58
2446 7822 307 139 58
2470 7837 319 142 58
2496 7860 324 142 58
2512 7888 335 142 58
2522 7920 340 142 58
2531 7955 344 142 58
2531 7991 344 142 58
2525 8019 334 142 58
2517 8042 343 142 58
2511 8056 354 142 58
2511 8063 356 139 58
2511 8063 349 139 58
2511 8063 343 139 58
2511 8063 343 139 58
2511 8045 343 139 58
2521 8021 343 139 58
2530 7990 342 139 58
2539 7959 337 139 58
2552 7928 339 139 58
2572 7909 342 141 59
2592 7897 344 141 59
2610 7890 345 141 59
2633 7896 334 143 59
2657 7911 336 143 59
2683 7939 348 143 59
2709 7979 353 145 59
2729 8027 354 146 58
2744 8072 361 146 58
2755 8117 369 146 58
2755 8161 373 146 58
2747 8206 371 145 59
2726 8258 382 145 59
2702 8313 394 145 59
2675 8360 394 143 59
2666 8386 415 143 59
2659 8399 413 144 58
2653 8399 409 144 58
2658 8392 405 144 58
2664 8364 394 144 58
2673 8322 399 144 58
2687 8266 377 144 58
2706 8214 372 146 57
2732 8164 356 146 57
2762 8104 348 146 58
2792 8044 348 146 58
2819 7997 351 146 58
2844 7960 353 146 60
2870 7940 363 146 60
2889 7940 391 146 60
2903 7940 409 145 60
2915 7960 420 145 60
2915 7990 422 145 60
2915 8028 409 145 60
2903 8067 379 145 60
2870 8104 334 145 60
2825 8137 345 145 60
2772 8153 339 145 60
2719 8158 339 146 60
2668 8151 341 146 60
2636 8138 339 146 60
2616 8123 339 146 58
2608 8109 339 145 59
2608 8092 343 145 59
2624 8075 353 145 59
2651 8064 361 143 59
2693 8064 369 145 59
2746 8072 393 145 59
2804 8091 398 145 59
2861 8118 399 146 60
2912 8151 396 146 60
2958 8188 398 146 60
2996 8227 399 146 60
3012 8268 388 147 59
3012 8299 394 147 59
2993 8329 396 147 59
2965 8359 399 147 59
2931 8381 388 149 58
2912 8399 391 149 58
2897 8408 400 149 58
2891 8408 399 149 58
2891 8408 399 149 58
2891 8408 396 149 58
2900 8391 400 149 58
2906 8366 399 149 58
2916 8324 400 149 58
2923 8277 397 149 58
2923 8219 397 149 58
2930 8154 404 149 58
2937 8092 404 147 59
2948 8032 404 147 59
2962 7979 405 147 59
2976 7945 415 146 60
2993 7923 441 146 60
3007 7923 468 145 59
3024 7923 522 145 59
3041 7952 546 145 59
3068 7997 543 143 59
3099 8037 545 143 59
3131 8074 546 143 59
3161 8102 545 143 59
3183 8125 543 143 59
3200 8146 543 143 59
3206 8156 545 143 59
3206 8156 548 143 59
3206 8156 548 143 59
3199 8156 548 143 59
3199 8156 545 143 59
3199 8156 545 143 59
3190 8151 548 144 58
3184 8146 553 144 58
3178 8140 551 144 58
3157 8134 551 144 58
3127 8122 553 146 58
3102 8110 551 145 59
3091 8110 548 145 59
3091 8110 548 145 59
3091 8110 551 145 59
3091 8110 553 145 59
3091 8105 551 145 59
3091 8105 551 145 59
3091 8105 554 145 59
3091 8105 553 145 59
3091 8105 551 145 59
3091 8105 548 145 59
3091 8105 545 145 59
3091 8099 548 145 59
3091 8099 546 145 59
3097 8099 546 145 59
3097 8099 546 145 59
3097 8099 546 145 59
3103 8099 543 145 59
3111 8094 548 145 59
3125 8094 548 145 59
3149 8101 544 145 59
3177 8109 529 145 59
3203 8121 521 145 59
3228 8137 516 145 59
3252 8151 522 145 59
3280 8168 517 143 59
3308 8187 514 143 59
3334 8204 515 143 59
3347 8220 516 143 59
3347 8234 533 144 58
3347 8246 536 144 58
3339 8255 539 144 58
3331 8255 537 144 58
3331 8260 544 144 58
3331 8260 532 144 58
3331 8260 532 144 58
3331 8247 533 144 58
3331 8225 532 144 58
3331 8196 530 144 58
3331 8166 530 144 58
3331 8136 535 144 58
3331 8105 533 144 58
3345 8075 538 144 58
3370 8046 541 144 58
3410 8016 543 143 59
3460 7990 544 143 59
3507 7965 544 145 59
3529 7942 543 145 59
3535 7932 570 145 59
3518 7921 580 145 59
3444 7891 567 145 59
3333 7849 556 145 59
3177 7794 514 143 59
2978 7734 480 143 59
2749 7661 449 143 59
2463 7580 440 143 59
2168 7483 486 142 58
1867 7383 562 142 58
1635 7308 577 142 58
1481 7250 581 142 58
1379 7205 589 142 58
1344 7185 592 142 58
1370 7185 613 142 58
1437 7214 622 142 58
1571 7280 661 142 58
1736 7370 688 143 59
1921 7464 690 143 59
2087 7556 699 143 59
2250 7641 705 145 59
2410 7718 708 145 59
2564 7790 708 146 60
2694 7861 705 146 60
2809 7934 691 146 60
2872 8005 702 148 60
2893 8075 700 148 60
2885 8140 678 148 60
2855 8206 675 150 60
2827 8273 669 150 60
2803 8273 643 150 60
2794 8287 402 151 61
2794 8287 0 152 60
2799 8310 0 152 60
2804 8310 0 152 60
2813 8299 0 152 60
2826 8286 0 153 59
2854 8316 0 152 59
2891 8321 0 150 58
2930 8309 0 149 58
2986 8300 0 146 58
3052 8307 0 144 58
3113 8326 0 142 57
3173 8326 0 140 56
3219 8326 0 140 56
3256 8310 0 139 57
3282 8296 0 139 57
3299 8282 0 140 58
3311 8282 0 140 58
3311 8304 0 142 58
3311 8320 0 143 59
3311 8343 0 144 58
3346 8370 0 146 58
3375 8392 0 146 58
3386 8392 0 147 59
3386 8392 0 147 59
3386 8392 613 149 58
3347 8308 823 149 58
3303 8332 885 149 58
3277 8332 881 149 58
3277 8337 805 150 57
3283 8337 641 149 58
