1756 7917 10 146 53
1756 7917 37 146 53
1756 7917 63 145 54
1756 7917 61 145 54
1756 7917 78 145 54
1756 7917 89 145 54
1756 7917 98 142 54
1764 7879 108 142 54
1764 7834 91 142 54
1754 7786 91 142 54
1736 7732 91 142 54
1711 7681 95 142 54
1688 7636 96 142 54
1671 7605 98 142 54
1662 7584 98 142 54
1654 7569 103 142 54
1639 7562 101 142 54
1618 7567 103 142 54
1594 7580 108 141 53
1548 7602 99 141 53
1486 7622 86 142 54
1412 7633 81 142 54
1335 7633 101 142 54
1256 7613 144 142 54
1220 7582 149 141 55
1220 7572 137 141 55
1238 7564 151 140 54
1292 7558 180 140 54
1402 7574 181 140 54
1548 7621 202 139 54
1770 7690 219 139 54
2008 7777 251 139 54
2256 7859 250 141 53
2431 7911 260 141 53
2536 7945 255 141 53
2593 7955 237 142 53
2593 7955 96 142 53
2593 7955 0 142 53
2496 7974 0 143 52
2385 8005 0 142 52
2251 8037 0 141 52
2102 8071 0 141 52
1990 8082 0 141 52
1932 8076 0 140 53
1909 8059 0 139 52
1895 8078 0 137 53
1866 8059 0 135 53
1828 8014 0 133 53
1777 7956 0 131 52
1727 7893 0 133 52
1668 7845 0 134 51
1603 7810 0 135 51
1533 7801 0 137 51
1460 7787 0 141 50
1386 7754 0 144 50
1353 7710 0 145 51
1346 7671 0 147 51
1356 7653 0 147 52
1365 7648 0 147 53
1376 7621 0 146 54
1387 7621 0 146 54
1394 7634 0 145 54
1394 7634 0 145 54
1394 7655 0 143 53
1394 7678 0 143 53
1394 7706 0 143 53
1387 7731 0 143 53
1387 7754 0 142 54
1378 7773 0 142 54
1373 7787 0 142 54
1373 7804 0 142 54
1373 7823 0 142 54
1373 7837 0 142 54
1378 7850 0 142 54
1378 7850 8 142 54
1378 7850 53 142 54
1378 7883 56 142 54
1378 7890 66 141 53
1378 7897 75 141 53
1378 7905 80 142 53
1385 7905 80 141 52
1385 7905 88 141 52
1385 7895 101 141 52
1385 7866 105 140 52
1373 7823 127 140 52
1356 7761 139 140 52
1336 7699 149 140 52
1319 7654 168 139 52
1312 7620 180 139 52
1312 7615 207 137 53
1319 7628 226 137 53
1324 7652 237 137 53
1339 7708 247 136 54
1356 7770 254 136 54
1362 7836 253 136 54
1362 7892 254 136 54
1348 7928 269 136 54
1335 7952 280 137 53
1322 7960 280 137 53
1322 7960 280 137 53
1322 7960 262 137 53
1344 7960 281 137 53
1377 7980 291 137 53
1435 8006 302 137 53
1497 8038 307 137 53
1566 8069 315 137 53
1618 8096 315 137 53
1658 8116 307 137 53
1677 8129 246 139 52
1671 8136 3 139 52
1671 8136 0 139 52
1593 8115 0 139 52
1520 8079 0 139 52
1436 8031 0 140 53
1398 7983 0 140 53
1392 7934 0 140 53
1407 7907 0 141 53
1438 7881 0 141 53
1470 7856 0 142 54
1501 7836 0 142 54
1511 7819 0 143 53
1511 7806 0 143 53
1497 7806 0 143 53
1482 7806 0 143 53
1464 7800 0 143 53
1441 7800 0 143 53
1407 7808 0 143 53
1366 7800 0 143 53
1323 7790 0 143 53
1283 7776 0 143 53
1246 7758 0 143 53
1246 7758 0 143 53
1263 7765 0 143 53
1284 7772 0 143 53
1302 7779 0 142 54
1302 7779 3 142 54
1328 7790 108 141 53
1335 7798 254 141 53
1335 7807 349 141 53
1346 7815 400 140 53
1356 7823 418 140 53
1369 7831 430 140 53
1383 7838 425 139 52
1398 7843 359 139 52
1417 7843 119 139 52
1417 7843 0 140 52
1461 7853 0 140 52
1475 7873 0 140 52
1485 7902 0 141 52
1510 7937 0 141 52
1537 7970 0 140 53
1567 8002 0 141 53
1595 8002 0 141 53
1617 8002 0 140 54
1633 7987 0 139 55
1643 7971 0 139 55
1653 7965 0 136 55
1660 7965 0 136 55
1660 7965 0 134 55
1646 7970 0 134 55
1636 7970 0 134 54
1629 7975 0 134 54
1638 7985 0 134 54
1657 7998 0 134 54
1677 8010 0 135 53
1690 8019 0 135 53
1690 8019 55 135 53
1690 8019 122 135 53
1690 8019 222 135 53
1665 8026 254 135 53
1650 8026 269 135 53
1635 8026 281 136 52
1621 8026 282 137 53
1608 8013 281 137 53
1581 7987 285 137 53
1545 7950 254 139 54
1517 7908 237 139 54
1510 7869 200 140 54
1518 7844 141 140 54
1546 7826 70 141 55
1546 7826 0 141 55
1657 7870 0 141 55
1709 7925 0 141 55
1740 7977 0 140 54
1758 8024 0 140 54
1769 8064 0 140 54
1776 8096 0 140 54
1776 8120 0 139 54
1788 8120 0 137 54
1796 8103 0 137 54
1804 8072 0 136 54
1811 8039 0 136 54
1811 8001 0 136 54
1803 7979 0 135 53
1791 7968 0 135 53
1791 7968 5 136 54
1791 7968 49 136 54
1760 7998 65 136 54
1754 8006 63 137 54
1754 8012 54 137 54
1749 8012 32 137 54
1749 8017 25 137 54
1749 8017 24 139 54
1754 8017 24 139 54
1754 8017 34 139 54
1754 8017 56 139 54
1754 8017 51 139 54
1736 8000 83 139 54
1713 7978 107 139 54
1684 7946 141 139 54
1668 7908 160 139 54
1658 7873 177 137 53
1666 7857 191 137 53
1684 7852 215 137 53
1706 7860 217 137 53
1738 7887 218 139 52
1776 7928 213 140 53
1796 7975 205 140 53
1807 8020 200 140 53
1812 8049 193 140 54
1789 8067 186 140 54
1758 8067 183 140 54
1721 8032 181 140 54
1686 7981 122 140 54
1686 7981 0 139 54
1674 7872 0 139 54
1713 7850 0 139 54
1756 7850 0 137 53
1813 7859 0 137 53
1881 7874 0 137 53
1957 7911 0 137 53
2037 7948 0 139 52
2114 7988 0 137 53
2172 8032 0 137 53
2219 8051 0 136 52
2237 8046 0 135 53
2237 8026 0 134 52
2218 7999 0 134 52
2192 7973 0 131 52
2167 7959 0 131 52
2142 7952 0 131 52
2116 7940 0 131 52
2093 7932 0 133 53
2071 7932 0 134 52
2079 7932 0 134 52
2092 7938 0 134 52
2106 7938 0 135 52
2118 7945 0 135 52
2118 7945 44 135 52
2118 7945 104 135 52
2118 7945 155 134 52
2136 7965 191 134 52
2136 7972 239 133 52
2143 7978 247 134 52
2143 7978 254 134 52
2143 7978 254 134 52
2136 7978 255 134 52
2119 7949 255 135 52
2093 7908 254 136 52
2081 7875 218 136 52
2094 7858 210 136 52
2124 7851 170 137 52
2159 7862 158 137 52
2195 7889 149 137 52
2232 7928 112 137 52
2260 7969 98 137 52
2282 8005 73 137 52
2298 8033 25 137 52
2304 8058 1 137 52
2304 8064 1 135 52
2294 8058 1 135 52
2280 8040 20 135 52
2261 8013 51 135 52
2252 7980 73 134 51
2245 7949 103 134 51
2245 7918 146 134 51
2245 7896 163 135 52
2245 7880 187 135 52
2245 7867 173 135 52
2262 7867 182 136 51
2280 7872 108 136 51
2280 7872 0 136 51
2356 7953 0 136 51
2387 8019 0 137 51
2407 8077 0 137 51
2419 8131 0 137 51
2435 8159 0 137 51
2450 8172 0 138 51
2457 8152 0 137 52
2457 8127 0 137 52
2457 8094 0 137 52
2457 8057 0 137 52
2457 8034 0 137 52
2457 8034 65 137 52
2457 8034 108 137 52
2457 8034 122 137 52
2457 8034 146 136 51
2489 8069 149 136 51
2503 8087 132 136 51
2512 8101 132 136 51
2518 8110 132 136 51
2518 8110 132 136 51
2518 8110 142 136 51
2508 8110 122 136 51
2508 8104 110 136 51
2488 8091 112 136 51
2463 8063 112 136 51
2432 8026 130 136 51
2401 7984 139 136 51
2390 7945 175 136 51
2390 7925 195 136 51
2409 7917 237 136 51
2430 7923 247 136 51
2467 7960 249 136 51
2513 8017 235 136 51
2554 8072 225 136 51
2580 8120 210 136 51
2596 8155 202 136 51
2605 8183 181 136 51
2597 8191 167 137 52
2578 8191 170 137 52
2552 8164 173 137 52
2521 8122 175 138 51
2486 8069 181 138 51
2469 8028 181 138 51
2469 8004 181 138 51
2491 7992 181 138 51
2513 7992 181 137 51
2533 7999 185 137 51
2543 8004 186 137 51
2543 7997 212 137 51
2543 7967 207 138 51
2521 7921 232 138 51
2484 7852 255 138 51
2441 7779 245 138 51
2398 7700 249 137 52
2356 7640 237 137 52
2338 7593 144 137 52
2338 7575 1 137 52
2338 7575 0 136 52
2376 7594 0 136 52
2401 7653 0 136 52
2444 7732 0 136 52
2498 7824 0 137 53
2567 7914 0 137 53
2644 8001 0 139 54
2726 8059 0 140 53
2790 8098 0 140 53
2831 8130 0 140 53
2856 8146 0 140 53
2856 8151 0 141 52
2826 8144 0 141 52
2785 8125 0 141 52
2738 8098 0 141 52
2693 8079 0 141 52
2668 8072 0 141 52
2656 8072 0 141 52
2664 8072 0 141 52
2675 8083 0 141 52
2699 8093 0 141 52
2731 8106 0 141 52
2752 8106 0 141 52
2768 8106 0 141 52
2768 8106 68 141 52
2771 8164 108 142 53
2763 8169 119 142 53
2752 8169 129 142 53
2738 8159 132 142 53
2713 8132 136 142 53
2692 8094 137 143 52
2674 8054 139 143 52
2674 8024 141 143 52
2691 8000 132 142 52
2716 8000 144 141 52
2752 8020 148 141 52
2792 8056 142 141 52
2833 8105 119 142 53
2873 8152 103 142 53
2896 8194 78 143 53
2906 8227 63 145 53
2906 8244 37 146 53
2906 8253 34 146 53
2889 8243 36 147 53
2870 8227 54 147 53
2858 8203 63 148 53
2850 8178 68 148 53
2850 8154 66 148 53
2855 8138 94 148 53
2860 8128 119 148 53
2860 8113 149 148 53
2860 8098 213 148 53
2860 8082 225 148 53
2860 8082 223 148 53
2860 8082 208 147 53
2860 8082 113 147 53
2860 8082 0 147 53
2927 8119 0 147 53
2958 8164 0 147 53
2985 8197 0 147 53
3010 8215 0 146 53
3060 8222 0 146 53
3080 8222 0 145 53
3106 8222 0 143 52
3145 8206 0 143 52
3172 8189 0 142 52
3183 8170 0 142 52
3183 8148 0 141 51
3172 8126 0 141 51
3154 8126 0 141 51
3132 8126 0 142 52
3132 8121 0 142 52
3099 8139 0 142 52
3065 8175 0 143 52
3045 8180 0 143 52
3025 8180 0 145 53
3007 8180 0 146 52
3007 8173 0 147 52
3007 8173 0 147 52
3007 8161 0 147 52
3007 8155 0 147 52
2999 8155 0 147 52
2999 8155 25 147 52
2999 8155 63 147 52
2999 8155 61 147 52
2999 8155 73 147 52
2999 8155 83 147 52
3032 8157 86 147 52
3047 8166 85 147 52
3063 8176 54 147 52
3075 8187 1 147 52
3075 8187 0 147 52
3083 8204 0 147 52
3083 8210 0 147 52
3071 8210 0 147 52
3055 8203 0 147 52
3039 8188 0 147 52
3039 8188 10 147 52
3014 8166 61 147 52
3014 8154 108 147 52
3014 8141 146 147 52
3023 8125 182 147 52
3043 8109 175 147 52
3070 8097 181 147 52
3097 8089 182 147 52
3122 8094 68 147 52
3122 8094 0 147 52
3169 8130 0 147 52
3179 8181 0 147 52
3179 8239 0 146 52
3190 8301 0 146 52
3204 8296 0 146 52
3231 8306 0 146 52
3266 8325 0 144 51
3280 8281 0 145 51
3280 8233 0 145 51
3280 8189 0 145 51
3272 8148 0 144 51
3262 8119 0 144 51
3251 8097 0 144 51
3244 8080 0 143 52
3238 8075 0 143 52
3238 8075 0 142 53
3238 8120 0 142 53
3238 8152 0 142 53
3238 8180 0 142 53
3231 8187 0 142 53
3221 8181 0 143 52
3208 8165 0 143 52
3197 8152 0 143 52
3190 8140 0 143 52
3190 8135 0 143 52
3183 8135 0 143 52
3183 8135 0 143 52
3192 8142 0 143 52
3198 8142 0 143 52
3206 8149 0 143 52
3215 8144 0 143 52
3215 8137 0 143 52
3215 8129 0 143 52
3220 8122 0 143 52
3220 8122 0 145 53
3220 8122 0 145 53
3233 8117 0 145 53
3256 8117 0 145 53
3214 8117 0 145 53
3205 8112 0 145 53
3217 8112 0 145 53
3217 8112 5 145 53
3217 8112 65 145 53
3217 8112 91 145 53
3249 8132 122 146 52
3260 8144 144 146 52
3271 8166 160 146 52
3281 8196 172 146 52
3276 8230 175 146 52
3262 8268 191 146 52
3222 8310 215 147 51
3153 8352 230 148 51
3065 8391 217 148 51
2951 8398 212 148 51
2786 8385 176 148 51
2587 8326 210 148 51
2304 8215 267 148 51
1997 8070 307 147 52
1674 7873 342 147 52
1407 7719 345 146 53
1263 7595 345 146 53
1200 7531 344 143 53
1237 7490 334 142 53
1315 7464 339 142 53
1421 7464 339 142 53
1599 7509 334 141 52
1837 7579 354 142 53
2115 7678 361 142 53
2392 7795 353 142 53
2668 7924 349 143 53
2857 8047 333 143 53
2988 8124 333 146 53
3031 8170 319 146 53
2990 8189 311 147 53
2893 8179 244 148 53
2715 8151 228 148 53
2475 8073 214 148 53
2194 7965 249 148 53
1875 7836 312 147 53
1637 7710 361 147 53
1452 7649 354 147 53
1452 7632 325 146 54
1527 7626 332 146 54
1660 7641 337 146 54
1864 7670 349 146 54
2128 7736 358 146 54
2432 7828 359 146 54
2759 7937 335 146 54
3011 8046 212 145 54
3213 8121 55 146 53
3213 8121 0 146 53
3336 8198 0 146 53
3283 8193 0 147 52
3135 8169 0 147 52
2948 8116 0 148 53
2736 8043 0 148 53
2520 7958 0 148 53
2371 7879 0 148 53
2266 7833 0 147 53
2188 7809 0 147 53
2113 7788 0 147 53
2065 7769 0 146 53
2034 7752 0 146 53
2025 7738 0 145 53
2016 7724 0 145 53
2007 7693 0 145 53
1994 7652 0 142 53
1987 7629 0 142 53
1978 7615 0 142 53
1965 7608 0 143 53
1950 7602 0 142 54
1950 7602 37 142 54
1912 7602 55 144 54
1904 7602 68 144 54
1904 7602 76 143 55
1911 7597 85 143 55
1941 7592 101 143 55
1984 7602 113 143 55
2064 7622 134 143 55
2164 7663 180 141 55
2278 7728 173 141 55
2394 7809 175 141 55
2479 7872 178 140 54
2543 7929 183 140 54
2566 7975 193 141 53
2566 7992 202 140 53
2557 7992 212 140 53
2540 7975 214 141 52
2521 7932 242 141 52
2500 7869 280 141 52
2500 7826 282 142 52
2533 7799 312 142 52
2584 7783 317 142 52
2674 7796 325 142 52
2784 7848 329 142 52
2906 7927 329 143 52
3024 8010 314 143 52
3112 8082 312 143 52
3180 8123 287 143 52
3196 8146 257 143 52
3189 8141 257 145 53
3166 8114 277 146 52
3138 8073 274 145 53
3114 8012 287 145 53
3114 7974 286 145 53
3123 7951 273 145 53
3160 7958 209 143 52
3212 7990 15 143 52
3212 7990 0 143 52
3333 8091 0 143 52
3360 8144 0 143 52
3367 8192 0 143 52
3367 8230 0 143 52
3367 8250 0 143 52
3377 8260 0 145 53
3392 8249 0 146 52
3397 8234 0 146 52
3397 8214 0 146 52
3397 8195 0 146 52
3397 8186 0 147 51
3390 8186 0 147 51
3385 8186 0 147 51
3385 8186 0 146 52
3385 8186 0 146 52
3390 8195 0 146 52
3390 8195 48 146 52
3390 8195 61 144 51
3425 8235 108 144 51
3439 8256 117 144 51
3453 8271 134 145 51
3453 8271 155 145 51
3453 8255 161 145 51
3430 8213 173 145 51
3396 8147 180 145 51
3353 8064 184 145 51
3328 8004 187 144 51
3328 7974 175 144 51
3335 7964 132 144 51
3366 7988 1 143 52
3366 7988 0 143 52
3497 8146 0 145 53
3548 8231 0 145 53
3583 8311 0 145 53
3606 8358 0 147 52
3621 8386 0 147 52
3621 8386 95 147 52
3569 8285 190 148 51
3526 8205 275 148 51
3484 8105 334 148 51
3442 8021 373 148 51
3420 7948 363 148 51
3410 7909 148 148 51
