1555 8240 223 146 67
1555 8240 273 148 67
1526 8234 344 148 67
1509 8197 439 149 66
1484 8142 502 147 65
1454 8075 546 147 65
1425 7997 589 147 65
1393 7914 622 145 65
1359 7827 639 143 64
1342 7771 640 141 64
1326 7730 639 138 64
1316 7700 561 138 64
1316 7691 371 137 63
1316 7691 3 137 63
1316 7691 0 135 63
1336 7740 0 135 63
1356 7784 0 135 63
1379 7834 0 135 63
1403 7891 0 137 63
1427 7944 0 137 63
1441 7989 0 137 63
1450 8029 0 138 64
1450 8048 0 137 65
1445 8053 0 137 65
1445 8053 168 135 65
1445 8053 208 135 65
1445 8053 244 135 65
1456 8097 267 135 65
1492 8129 276 135 65
1534 8163 309 135 65
1583 8195 334 137 65
1628 8222 396 137 65
1652 8229 430 138 64
1663 8223 490 138 64
1663 8203 569 140 63
1663 8178 619 140 63
1652 8134 673 140 63
1620 8080 702 141 63
1584 8015 710 141 63
1546 7948 727 141 63
1512 7890 721 141 63
1480 7839 730 140 63
1453 7797 731 140 63
1430 7763 733 140 63
1413 7735 733 137 63
1404 7724 708 137 63
1404 7724 595 137 63
1404 7724 273 137 63
1404 7724 0 135 63
1433 7752 0 135 63
1460 7781 0 135 63
1480 7802 0 137 63
1500 7821 0 137 63
1519 7836 0 137 63
1530 7844 0 140 63
1537 7844 0 141 64
1537 7837 0 143 63
1521 7821 0 143 63
1521 7821 51 143 63
1483 7790 170 141 64
1473 7785 256 141 64
1473 7785 334 140 65
1473 7785 364 138 64
1473 7780 399 137 65
1473 7780 440 137 65
1478 7780 465 135 64
1484 7788 468 135 64
1494 7797 423 135 64
1510 7812 207 135 64
1510 7812 0 135 64
1538 7836 0 135 64
1538 7836 0 137 65
1545 7844 0 138 64
1551 7844 0 138 64
1558 7852 0 141 64
1558 7861 0 143 64
1563 7861 0 145 64
1551 7861 0 146 64
1539 7861 0 146 64
1526 7851 0 148 63
1513 7843 0 148 63
1501 7836 0 148 63
1488 7828 0 145 64
1475 7819 0 145 64
1475 7819 73 143 63
1475 7819 127 141 64
1475 7819 170 140 63
1475 7819 211 138 64
1500 7852 242 138 64
1525 7873 279 137 63
1562 7899 314 138 64
1603 7920 341 140 63
1641 7935 386 140 63
1659 7930 436 140 63
1665 7915 491 138 63
1660 7894 533 138 63
1643 7860 584 138 63
1618 7817 642 138 63
1584 7774 652 137 63
1551 7738 685 137 63
1521 7706 690 137 63
1493 7682 703 137 63
1462 7656 713 137 63
1428 7629 716 137 63
1404 7612 717 135 64
1384 7601 710 135 64
1379 7601 647 135 64
1379 7601 526 133 63
1396 7610 237 133 63
1396 7610 0 133 63
1470 7677 0 133 63
1510 7717 0 133 63
1544 7749 0 137 63
1575 7775 0 137 63
1593 7781 0 138 64
1593 7781 78 138 64
1598 7764 216 141 64
1588 7753 287 141 64
1588 7742 387 143 64
1600 7742 446 143 64
1630 7742 469 142 65
1675 7769 486 140 65
1731 7803 496 140 65
1786 7845 522 138 64
1824 7885 542 138 64
1850 7924 591 140 63
1858 7958 631 140 63
1858 7986 650 140 63
1849 8005 696 140 63
1838 8019 710 140 63
1818 8019 724 140 63
1791 7998 728 140 63
1758 7962 730 140 63
1727 7912 730 140 63
1701 7862 730 140 63
1683 7814 730 140 63
1676 7775 725 140 63
1676 7741 730 138 63
1705 7728 724 137 63
1752 7728 711 137 63
1812 7733 699 137 63
1875 7762 687 137 63
1943 7804 669 137 63
1994 7854 667 138 64
2034 7912 671 138 64
2059 7963 666 138 64
2064 8010 691 138 64
2055 8019 721 140 63
2041 8024 728 140 63
2002 7996 740 140 63
1946 7947 755 140 63
1888 7876 757 140 63
1857 7816 763 140 63
1844 7763 758 138 64
1844 7733 749 138 64
1853 7733 736 138 64
1876 7747 733 138 64
1932 7791 721 138 64
1990 7838 699 138 64
2027 7887 693 138 64
2049 7912 681 140 63
2054 7912 682 140 63
2054 7901 691 141 63
2054 7868 700 141 63
2045 7835 699 141 63
2054 7802 697 143 62
2072 7787 697 141 63
2092 7787 690 141 63
2117 7803 702 141 63
2149 7839 691 141 63
2173 7887 697 140 62
2193 7947 691 138 63
2210 8024 673 138 63
2227 8112 628 138 63
2244 8207 572 140 62
2260 8276 565 140 62
2269 8329 578 141 61
2269 8338 595 141 61
2258 8328 620 141 61
2248 8306 628 142 61
2236 8270 641 142 61
2222 8215 670 142 61
2202 8148 697 144 60
2184 8066 724 142 61
2167 7981 745 142 61
2154 7894 760 142 61
2146 7831 755 141 61
2146 7784 719 141 61
2146 7764 594 140 62
2156 7764 364 140 62
2156 7764 0 140 62
2179 7800 0 140 62
2193 7849 0 140 62
2193 7912 0 140 62
2193 7985 0 140 62
2184 8034 0 140 62
2157 8066 0 140 62
2157 8066 291 140 62
2075 8035 443 140 62
2052 8026 542 140 62
2042 8026 597 137 62
2050 8019 638 137 62
2078 8019 637 137 62
2119 8019 628 137 62
2186 8019 510 137 62
2240 8033 269 137 62
2284 8039 36 138 61
2284 8039 0 137 62
2284 8039 30 137 62
2340 8029 245 137 62
2329 8014 394 137 62
2318 7993 514 137 62
2310 7968 581 137 62
2310 7952 627 137 62
2310 7941 662 137 62
2321 7941 702 137 62
2344 7957 705 137 62
2379 7982 703 137 62
2416 8011 708 137 62
2434 8037 708 137 62
2439 8056 711 138 63
2439 8068 707 138 63
2428 8077 719 138 63
2406 8066 724 138 63
2369 8042 720 138 63
2335 7996 739 138 63
2309 7944 755 138 63
2290 7881 773 138 63
2276 7810 791 138 63
2276 7735 783 138 63
2289 7685 791 138 63
2311 7660 797 137 62
2335 7652 797 138 63
2363 7664 797 138 63
2405 7701 760 138 63
2455 7754 724 140 63
2495 7813 667 140 63
2531 7879 613 140 63
2565 7950 613 141 64
2580 8005 617 141 64
2595 8027 633 145 64
2595 8027 655 145 64
2595 8020 691 145 64
2590 7983 731 145 64
2582 7927 762 145 64
2572 7868 773 143 64
2567 7810 779 143 64
2567 7772 774 143 64
2572 7747 724 143 64
2580 7747 586 145 64
2593 7754 136 145 64
2593 7754 0 146 64
2622 7815 0 146 64
2622 7870 0 146 64
2616 7937 0 146 64
2616 8027 0 146 64
2621 8086 0 146 64
2621 8086 363 146 64
2626 8124 445 146 64
2602 8129 553 146 64
2602 8137 591 146 64
2607 8137 584 146 64
2607 8132 548 146 64
2619 8120 439 145 64
2633 8100 259 145 64
2652 8074 117 146 63
2673 8045 81 146 63
2686 8016 99 145 64
2694 7991 183 145 64
2708 7969 310 143 63
2717 7951 394 143 63
2722 7933 464 141 64
2728 7914 520 141 64
2728 7886 546 141 64
2728 7855 577 141 64
2711 7819 616 141 63
2690 7784 652 141 63
2665 7750 678 141 63
2638 7734 710 141 63
2626 7734 752 144 62
2616 7734 760 143 63
2608 7743 750 143 63
2608 7766 756 145 64
2608 7800 754 145 64
2621 7820 753 145 64
2648 7837 754 146 64
2684 7846 760 146 64
2731 7846 760 146 64
2778 7846 760 148 63
2824 7846 761 146 63
2875 7831 703 146 63
2910 7826 570 146 63
2934 7821 190 147 62
2934 7821 0 146 63
2925 7805 0 146 63
2894 7790 0 144 62
2856 7771 0 144 62
2805 7746 0 144 62
2746 7719 0 144 62
2673 7694 0 146 62
2596 7667 0 146 62
2517 7639 0 146 62
2435 7615 0 147 61
2353 7591 0 147 61
2271 7566 0 147 61
2189 7541 0 148 60
2125 7524 0 148 60
2065 7512 0 148 60
2007 7512 0 145 60
1964 7512 0 145 60
1927 7512 0 144 60
1900 7512 0 142 61
1880 7503 0 141 60
1880 7503 218 141 60
1862 7463 251 141 61
1855 7448 291 141 61
1863 7435 404 140 62
1872 7435 499 141 63
1901 7435 551 141 63
1943 7465 589 141 63
1997 7518 602 141 63
2053 7586 611 141 63
2112 7674 617 141 63
2168 7773 611 141 63
2205 7880 610 141 63
2233 8027 608 141 63
2253 8177 577 141 63
2253 8329 570 143 62
2248 8446 553 144 62
2224 8507 543 144 62
2177 8531 527 146 62
2114 8512 527 146 62
2042 8437 535 146 62
1984 8326 544 148 61
1952 8174 543 148 61
1932 7968 540 147 62
1915 7727 543 147 62
1939 7564 588 147 62
1989 7469 616 144 62
2041 7419 652 144 62
2093 7409 684 143 63
2145 7436 696 141 63
2198 7488 708 141 63
2251 7572 722 141 63
2302 7679 711 141 63
2348 7802 662 141 63
2386 7967 636 141 63
2419 8144 586 143 63
2429 8328 545 144 62
2424 8457 518 144 62
2408 8515 510 146 63
2365 8526 501 147 62
2316 8504 509 147 62
2262 8457 517 147 62
2242 8394 518 148 61
2247 8296 526 147 61
2269 8168 527 147 61
2306 8019 542 146 62
2343 7853 561 146 62
2390 7729 586 144 61
2442 7634 619 143 62
2485 7563 646 143 62
2509 7519 666 141 63
2520 7492 699 143 63
2520 7479 721 143 63
2499 7470 731 143 63
2460 7463 724 145 64
2382 7457 730 145 64
2266 7451 699 146 63
2124 7443 685 146 63
1941 7433 682 146 63
1760 7417 679 146 63
1586 7409 673 146 63
1460 7409 676 146 63
1365 7402 690 144 62
1311 7402 710 144 62
1297 7402 717 143 62
1309 7402 724 143 62
1352 7425 739 143 62
1449 7455 746 141 61
1581 7505 768 141 61
1780 7568 797 143 62
2019 7641 824 143 62
2284 7714 825 143 62
2536 7786 842 144 62
2740 7836 864 146 63
2911 7871 857 148 63
3025 7903 869 148 63
3091 7926 817 151 63
3125 7933 702 151 63
3125 7933 358 151 63
3125 7933 0 151 63
3093 7933 0 151 63
3060 7933 0 151 63
3050 7933 0 150 64
3050 7946 0 148 65
3066 7952 0 147 65
3078 7952 0 144 66
3092 7957 0 144 66
3092 7957 0 140 66
3092 7962 0 140 66
3084 7974 0 139 67
3076 7992 0 137 66
3076 8010 0 137 66
3069 8027 0 137 66
3069 8043 0 138 65
3069 8055 0 140 66
3069 8055 246 142 65
3069 8055 294 142 65
3069 8055 386 145 65
3069 8055 556 145 65
3076 8025 663 145 65
3063 7992 733 146 64
3058 7952 818 146 64
3058 7907 834 146 64
3050 7866 861 148 63
3044 7830 861 148 63
3039 7802 848 148 63
3033 7782 767 149 63
3033 7765 512 149 63
3033 7765 0 149 63
3033 7756 0 149 63
3049 7776 0 147 62
3068 7820 0 147 62
3092 7877 0 147 62
3120 7941 0 147 62
3149 8001 0 147 62
3170 8058 0 147 62
3170 8058 274 147 62
3170 8058 388 147 62
3170 8058 491 149 63
3170 8058 646 148 63
3182 8009 757 148 63
3174 7961 824 148 63
3169 7911 846 148 63
3169 7874 863 148 63
3169 7845 858 149 63
3169 7830 787 149 63
3177 7816 474 149 63
