1431 8117 101 161 60
1431 8117 98 159 59
1431 8117 156 159 59
1440 8061 257 158 58
1429 8011 309 158 58
1429 7945 409 158 58
1429 7862 449 157 57
1438 7768 473 157 57
1468 7695 502 157 57
1499 7641 541 157 57
1533 7599 553 157 57
1568 7575 560 157 57
1592 7569 563 157 57
1610 7574 572 157 57
1617 7592 554 157 57
1604 7624 448 158 56
1578 7665 415 158 56
1514 7697 393 157 57
1431 7726 396 157 57
1336 7735 433 157 57
1209 7735 493 157 57
1090 7718 518 155 58
976 7704 546 155 58
940 7689 536 155 58
954 7679 561 155 58
1001 7673 595 157 58
1133 7666 622 157 58
1320 7676 669 157 58
1543 7698 707 158 58
1814 7731 758 161 57
2069 7762 794 161 57
2314 7790 794 162 58
2518 7815 799 163 57
2676 7839 808 164 57
2804 7860 808 165 56
2890 7881 783 167 55
2927 7901 724 167 55
2927 7914 580 167 54
2917 7926 137 168 53
2917 7926 0 168 53
2807 7934 0 168 53
2688 7946 0 168 53
2554 7962 0 168 53
2409 7971 0 167 54
2262 7980 0 165 55
2119 7975 0 165 55
2012 7960 0 163 56
1926 7960 0 161 57
1858 7953 0 161 57
1793 7953 0 161 57
1734 7953 0 159 57
1682 7959 0 159 57
1639 7959 0 161 57
1605 7969 0 161 57
1575 7978 0 161 57
1543 7984 0 161 57
1509 7984 0 160 58
1488 7984 0 159 59
1474 7973 0 158 60
1474 7973 89 158 60
1474 7973 139 157 60
1455 7946 202 157 60
1460 7938 316 157 60
1471 7928 394 157 60
1487 7928 447 156 59
1509 7935 502 156 59
1539 7945 526 157 58
1576 7971 537 157 58
1601 8007 541 157 58
1626 8051 538 157 57
1641 8100 516 157 57
1650 8153 501 157 57
1650 8201 485 160 56
1650 8245 478 160 56
1638 8266 475 160 56
1621 8273 472 160 56
1597 8254 475 160 56
1567 8211 483 160 55
1540 8151 486 160 55
1518 8082 491 160 55
1504 8014 498 160 55
1504 7948 489 160 55
1514 7908 492 159 55
1526 7883 501 159 55
1544 7876 509 159 55
1577 7892 507 158 55
1619 7923 504 158 55
1654 7966 498 158 55
1682 8009 490 158 55
1706 8052 488 158 55
1713 8059 480 158 55
1707 8046 481 157 56
1692 8019 495 157 56
1663 7956 521 157 56
1639 7877 570 157 56
1622 7788 586 157 56
1593 7668 616 157 56
1555 7542 646 157 56
1537 7454 652 157 56
1524 7393 656 157 56
1519 7356 661 157 56
1519 7341 628 157 56
1526 7341 504 157 56
1526 7356 1 155 55
1526 7356 0 155 55
1544 7482 0 156 55
1544 7580 0 158 55
1544 7676 0 158 55
1563 7749 0 158 55
1588 7807 0 159 55
1607 7848 0 160 55
1620 7870 0 160 55
1626 7880 0 162 56
1633 7880 0 162 56
1633 7880 41 162 56
1633 7880 93 163 55
1633 7880 136 162 56
1633 7880 207 160 55
1633 7880 309 160 55
1668 7868 348 160 55
1688 7868 382 159 55
1711 7878 410 159 55
1736 7896 412 160 55
1766 7936 413 160 55
1791 7979 400 160 55
1811 8023 397 162 56
1816 8064 399 162 56
1816 8107 377 162 56
1816 8148 386 163 56
1807 8162 388 163 56
1794 8162 389 163 56
1780 8146 413 163 56
1761 8112 420 163 56
1744 8066 415 163 56
1733 8009 427 162 56
1733 7961 439 162 56
1733 7920 450 162 56
1749 7886 460 160 55
1764 7867 473 160 55
1779 7857 481 162 56
1796 7857 488 162 56
1821 7883 488 162 56
1851 7919 473 163 56
1874 7963 469 163 56
1887 8014 448 163 56
1894 8071 440 163 56
1894 8116 442 163 56
1894 8138 448 163 56
1882 8146 448 163 56
1877 8141 450 163 56
1870 8115 466 163 56
1861 8074 467 163 56
1850 8023 491 163 56
1850 7972 501 163 56
1861 7923 509 163 56
1871 7894 514 163 56
1882 7876 512 163 56
1896 7876 535 163 56
1916 7883 536 163 56
1940 7902 539 163 56
1963 7934 537 163 56
1980 7980 536 164 55
1992 8036 538 164 55
1992 8084 521 164 55
1992 8129 526 164 55
1984 8149 535 163 55
1984 8155 530 163 55
1978 8155 529 163 55
1973 8127 530 163 55
1966 8088 538 163 55
1958 8037 544 163 55
1958 7985 548 162 56
1958 7941 564 162 56
1965 7903 564 162 56
1975 7887 568 162 56
1987 7887 569 162 56
2000 7887 586 163 56
2022 7908 583 163 56
2049 7950 580 163 56
2071 8005 569 164 55
2082 8065 565 164 55
2089 8122 567 163 55
2089 8170 567 163 55
2089 8189 580 163 55
2075 8189 580 163 55
2066 8182 589 161 55
2054 8152 586 161 55
2039 8107 591 161 55
2039 8062 588 161 55
2050 8018 581 161 55
2068 7974 526 160 55
2092 7932 362 162 56
2124 7909 54 162 56
2124 7909 0 162 56
2235 7909 0 163 55
2253 7937 0 163 55
2282 7979 0 163 55
2318 8018 0 163 55
2330 8051 0 163 55
2330 8051 161 161 55
2293 8102 282 161 55
2268 8126 409 161 55
2243 8150 463 159 55
2220 8155 496 159 55
2191 8155 504 159 55
2157 8131 509 158 55
2135 8094 512 158 54
2114 8039 514 160 54
2114 7991 514 160 54
2139 7949 517 160 54
2163 7920 519 160 54
2186 7905 512 160 54
2207 7900 518 160 54
2236 7919 512 160 54
2260 7954 515 160 54
2276 8001 522 160 54
2283 8053 522 160 54
2283 8104 519 160 54
2272 8148 532 158 54
2262 8166 538 158 54
2251 8166 540 158 54
2240 8157 540 158 54
2240 8126 536 158 54
2240 8081 537 158 54
2240 8034 537 158 54
2249 7986 546 158 54
2269 7939 519 158 54
2297 7905 392 158 54
2322 7878 101 158 54
2322 7878 0 160 54
2412 7870 0 160 54
2457 7894 0 160 54
2498 7946 0 161 55
2535 8006 0 161 55
2552 8072 0 163 55
2552 8142 0 163 55
2536 8201 0 163 55
2520 8222 0 163 55
2501 8222 0 163 55
2479 8204 0 163 55
2479 8204 58 161 55
2465 8156 117 161 55
2475 8133 210 161 55
2507 8106 294 160 54
2540 8089 366 160 54
2575 8080 417 160 54
2609 8080 470 160 54
2645 8091 491 161 55
2681 8106 497 161 55
2708 8132 501 161 55
2728 8167 491 163 55
2736 8207 477 163 54
2730 8258 465 164 54
2714 8312 469 164 54
2685 8369 455 164 54
2654 8419 447 164 54
2621 8466 453 164 54
2599 8480 452 165 53
2582 8472 447 164 53
2574 8444 447 164 53
2574 8388 447 162 53
2580 8313 445 162 53
2595 8233 445 162 53
2608 8136 440 161 52
2616 8029 439 160 53
2621 7932 440 162 54
2615 7871 442 162 54
2609 7833 448 162 54
2603 7825 449 161 55
2598 7837 415 161 55
2587 7863 371 161 55
2573 7922 345 161 55
2573 7981 339 161 55
2573 8010 340 161 55
2583 8020 338 161 55
2601 8007 396 161 55
2626 7985 427 161 55
2660 7958 477 160 54
2705 7933 502 160 54
2747 7933 520 161 55
2786 7944 518 161 55
2826 7958 521 161 55
2857 7990 518 163 55
2883 8033 496 164 55
2890 8078 469 165 55
2879 8129 409 167 54
2856 8183 400 169 54
2825 8224 417 169 54
2789 8244 418 169 54
2750 8249 415 169 54
2721 8225 430 169 54
2696 8179 449 167 54
2696 8118 439 167 54
2704 8051 440 166 54
2726 7984 445 164 54
2759 7933 447 164 54
2800 7894 450 164 54
2845 7874 447 164 54
2885 7879 445 164 54
2921 7900 435 164 54
2951 7939 391 166 54
2968 7988 361 166 54
2977 8045 335 166 54
2977 8111 315 168 53
2977 8175 317 168 53
2968 8217 329 168 53
2960 8246 344 168 53
2954 8246 349 168 53
2954 8227 359 168 53
2954 8190 393 169 53
2954 8131 394 169 53
2965 8073 413 169 53
2975 8015 422 169 53
2981 7961 422 169 54
2981 7928 440 169 54
2992 7910 477 169 54
2992 7910 518 167 54
2992 7924 532 168 53
2992 7947 544 168 53
2992 7997 565 166 53
2982 8060 569 166 53
2990 8133 588 166 53
3001 8216 597 166 53
3018 8297 631 166 53
3052 8378 647 166 53
3097 8434 653 166 53
3165 8466 656 166 53
3233 8483 634 166 53
3284 8483 493 166 53
3324 8451 163 167 52
3324 8451 0 167 52
3324 8353 0 167 52
3281 8305 0 167 52
3243 8255 0 167 52
3205 8196 0 166 53
3159 8132 0 166 53
3107 8082 0 165 53
3071 8041 0 164 54
3039 8012 0 164 54
3013 7995 0 164 55
2996 7987 0 162 56
2986 7976 0 162 56
2986 7976 48 162 56
2981 7924 141 162 56
2981 7911 244 162 56
2986 7897 354 162 56
3001 7884 418 163 55
3015 7884 473 163 55
3026 7884 516 163 54
3037 7893 543 163 54
3054 7917 546 164 53
3077 7954 536 164 53
3089 8005 540 164 53
3094 8060 536 164 53
3094 8117 546 165 53
3094 8169 546 165 53
3084 8215 544 165 53
3075 8233 543 165 53
3067 8233 541 165 53
3060 8225 543 165 53
3045 8187 536 165 53
3033 8130 554 165 53
3044 8075 562 165 53
3070 8024 570 164 54
3094 7983 591 164 54
3118 7948 588 164 54
3144 7939 613 164 54
3172 7939 619 164 54
3199 7944 611 164 54
3223 7970 619 164 54
3238 8007 617 163 54
3243 8052 595 163 54
3243 8106 592 163 54
3232 8156 586 164 53
3219 8199 586 164 53
3205 8218 589 164 54
3196 8218 585 164 54
3187 8218 588 164 54
3181 8186 594 164 54
3181 8144 606 165 53
3190 8098 617 165 53
3208 8051 638 165 53
3236 8018 645 165 53
3264 7995 645 164 54
3291 7982 645 164 54
3316 7977 588 164 54
3343 7977 324 164 55
3343 7977 0 164 55
3381 8019 0 164 55
3381 8062 0 164 55
3393 8097 0 164 55
3402 8125 0 164 55
3411 8140 0 164 55
3405 8140 0 164 55
3390 8140 0 164 54
3378 8140 0 164 54
3368 8140 0 164 54
3362 8140 0 164 54
3362 8140 0 164 54
3362 8132 0 163 54
3362 8132 0 163 54
3362 8123 0 163 54
3362 8117 0 163 54
3362 8111 0 163 54
3354 8111 0 163 54
3348 8102 0 163 54
3336 8097 0 163 54
3320 8092 0 163 54
3308 8084 0 163 54
3298 8075 0 163 54
3290 8059 0 162 54
3290 8059 56 162 54
3277 8001 108 161 55
3277 7985 183 161 55
3287 7969 291 161 55
3303 7955 386 161 55
3317 7942 439 161 55
3331 7948 477 163 55
3346 7965 490 163 55
3364 7989 495 163 55
3381 8015 496 163 55
3391 8051 491 163 55
3397 8095 492 163 55
3392 8145 494 163 55
3384 8194 519 163 55
3373 8224 543 163 54
3362 8241 557 163 54
3352 8241 559 163 54
3344 8222 564 164 53
3337 8194 565 164 53
3337 8141 570 164 53
3349 8088 577 164 53
3377 8036 584 164 53
3419 7995 588 164 53
3465 7967 594 163 54
3517 7949 585 164 54
3570 7940 591 164 54
3617 7954 594 164 54
3659 7983 591 166 54
3692 8021 594 166 54
3713 8064 594 167 54
3727 8110 586 167 54
3727 8157 591 167 54
3695 8200 603 167 54
3651 8225 608 167 54
3615 8239 613 168 53
3584 8233 614 168 53
3562 8222 616 168 53
3546 8187 616 167 52
3539 8138 620 166 53
3539 8078 614 166 53
3560 8017 628 165 53
3589 7956 636 165 53
3628 7920 643 165 53
3670 7900 662 165 53
3713 7900 700 165 53
3765 7920 719 165 53
3813 7949 750 165 53
3838 7965 777 167 52
3848 7975 771 167 52
3863 7975 759 168 53
3863 7968 756 168 53
3863 7938 760 169 53
3846 7893 757 169 53
3822 7857 762 169 53
3790 7821 762 169 53
3764 7783 762 169 53
3710 7753 768 169 53
3636 7728 765 168 53
3526 7716 751 168 53
3382 7716 751 166 54
3216 7724 762 164 54
3069 7754 765 163 54
2926 7785 780 163 55
2788 7818 776 163 55
2650 7828 774 161 55
2515 7806 777 161 55
2407 7763 777 161 55
2314 7694 773 160 54
2237 7623 770 160 54
2201 7549 760 160 54
2191 7475 761 160 54
2205 7421 763 158 54
2231 7380 761 158 54
2264 7351 750 157 54
2299 7346 754 157 54
2339 7356 754 156 53
2377 7385 760 156 53
2411 7430 750 156 53
2411 7485 739 154 53
2387 7537 694 156 53
2340 7588 690 156 53
2254 7634 676 155 54
2153 7669 678 156 55
2042 7669 684 156 55
1958 7649 693 158 55
1902 7613 691 158 55
1864 7559 693 159 55
1859 7494 693 159 55
1884 7425 694 159 55
1930 7358 696 159 55
1987 7317 700 159 55
2056 7292 697 159 55
2133 7287 717 158 55
2208 7316 728 158 55
2288 7369 721 156 55
2371 7453 731 155 54
2449 7567 737 155 54
2508 7700 736 155 54
2554 7838 731 155 54
2561 7996 705 155 54
2534 8167 687 155 54
2485 8333 672 157 54
2425 8467 678 157 54
2369 8581 676 157 54
2316 8581 673 157 54
2288 8528 670 157 54
2260 8441 669 158 53
2272 8317 670 158 53
2311 8157 670 158 53
2368 7972 676 158 53
2438 7789 676 157 54
2516 7654 684 157 54
2604 7551 700 157 54
2686 7501 733 158 54
2765 7494 740 158 54
2842 7517 755 158 54
2921 7592 757 160 54
2986 7689 748 160 54
3042 7802 727 160 54
3084 7945 696 161 55
3095 8101 662 161 55
3084 8265 668 163 55
3045 8390 672 163 54
3001 8446 679 164 54
2954 8457 676 165 53
2935 8422 673 166 53
2922 8342 673 168 53
2942 8232 675 168 52
2983 8078 678 168 52
3070 7915 685 168 53
3159 7745 684 168 53
3246 7603 685 168 53
3307 7498 687 166 53
3354 7417 693 164 54
3369 7390 724 164 54
3369 7390 751 163 54
3358 7419 746 162 54
3310 7474 722 162 54
3194 7529 673 162 54
3032 7585 641 162 54
2747 7604 646 162 54
2414 7594 670 161 55
2049 7564 691 161 55
1838 7535 688 161 55
1762 7504 684 161 55
1777 7468 685 163 55
1846 7433 693 163 55
2002 7404 716 163 55
2215 7410 780 163 55
2477 7434 797 163 55
2769 7473 818 163 55
3082 7525 864 163 55
3338 7585 878 163 55
3538 7626 888 163 55
3701 7663 884 163 54
3792 7692 833 163 54
3823 7710 693 164 54
3814 7717 262 166 54
3814 7717 0 166 54
3681 7722 0 166 54
3583 7736 0 167 54
3514 7744 0 167 54
3463 7744 0 167 54
3424 7744 0 166 54
3396 7738 0 166 54
3396 7738 269 164 54
3358 7713 289 163 54
3353 7706 407 163 54
3353 7696 513 163 55
3364 7667 581 161 55
3373 7626 649 161 55
3388 7570 673 161 55
3408 7527 669 161 55
3428 7493 666 161 55
3439 7471 645 161 55
3446 7455 422 162 54
3446 7455 0 162 54
3467 7450 0 162 54
3487 7491 0 162 54
3505 7554 0 162 54
3520 7601 0 162 54
3525 7642 0 162 53
3525 7656 0 162 53
3525 7656 304 162 54
3500 7651 474 162 54
3494 7651 554 162 54
3494 7651 591 162 54
3494 7643 641 162 54
3500 7617 659 162 54
3507 7581 659 162 54
3518 7539 611 162 54
3533 7500 391 162 54
3533 7500 0 162 54
3556 7448 0 162 54
3577 7465 0 162 54
3607 7493 0 163 54
3640 7528 0 163 54
3670 7549 0 164 53
3689 7549 0 164 53
3689 7549 247 164 53
3703 7522 496 165 53
3710 7522 673 165 53
3710 7522 834 165 53
3710 7522 902 166 53
3710 7522 899 166 53
3710 7522 894 166 53
3710 7522 799 167 54
3710 7522 475 167 54
