1376 7821 182 153 56
1376 7821 171 152 57
1376 7821 180 151 56
1409 7823 203 148 57
1455 7839 239 148 57
1513 7862 259 148 57
1589 7914 275 147 56
1671 7979 285 148 57
1757 8053 274 148 57
1805 8116 282 148 57
1822 8175 289 150 57
1817 8212 312 150 57
1785 8235 317 150 57
1735 8235 334 150 57
1672 8217 354 151 56
1606 8177 364 152 57
1563 8114 368 152 57
1536 8031 368 152 57
1543 7934 373 151 58
1553 7829 371 150 57
1570 7727 361 150 57
1587 7651 366 150 57
1581 7592 372 149 58
1559 7543 391 149 58
1507 7497 422 149 58
1428 7453 442 149 58
1330 7424 499 147 58
1214 7403 546 147 58
1077 7387 583 148 57
926 7377 613 148 57
834 7377 630 148 57
786 7392 637 148 57
766 7382 636 150 57
790 7391 652 150 57
940 7414 662 151 58
1173 7487 678 151 58
1513 7578 690 150 58
1918 7681 700 150 58
2366 7775 699 150 58
2821 7877 693 150 58
3192 7960 684 150 58
3506 8027 619 151 58
3733 8071 471 153 58
3845 8091 65 153 58
3845 8091 0 153 58
3778 8070 0 154 57
3558 8042 0 153 58
3259 7992 0 153 58
2902 7929 0 151 58
2541 7856 0 150 57
2176 7779 0 149 56
1846 7694 0 150 55
1591 7607 0 149 55
1386 7542 0 150 54
1287 7492 0 150 54
1263 7481 0 151 53
1290 7494 0 151 53
1334 7523 0 152 54
1410 7564 0 153 55
1507 7611 0 152 56
1586 7661 0 151 56
1655 7705 0 151 56
1716 7744 0 150 57
1741 7775 0 150 57
1741 7799 0 147 58
1726 7821 0 147 58
1719 7843 0 147 58
1713 7859 0 147 58
1713 7872 0 147 58
1713 7872 67 147 58
1713 7872 80 147 58
1713 7872 122 149 58
1713 7872 202 149 58
1713 7872 275 149 58
1737 7821 314 149 58
1737 7769 345 149 58
1743 7730 345 147 59
1743 7700 325 147 59
1743 7669 179 147 59
1743 7669 0 147 59
1770 7658 0 145 59
1787 7708 0 145 59
1803 7771 0 145 59
1814 7844 0 145 59
1821 7917 0 146 58
1821 7989 0 146 58
1816 8035 0 144 58
1816 8035 155 144 58
1811 8070 179 144 58
1791 8075 208 144 58
1768 8075 218 146 58
1768 8065 220 146 58
1768 8047 215 146 58
1787 8010 131 147 59
1825 7962 1 147 59
1825 7962 0 147 59
1946 7937 0 147 59
1988 7945 0 146 60
1988 7945 48 145 59
2042 7952 148 145 59
2020 7952 211 143 59
1967 7952 311 143 59
1925 7928 343 143 59
1884 7892 413 143 59
1843 7856 425 144 58
1831 7820 430 146 58
1822 7780 435 146 58
1831 7755 433 149 58
1850 7741 433 149 58
1890 7747 422 149 58
1946 7790 417 147 59
2012 7859 420 147 59
2054 7930 414 146 58
2077 8008 415 146 58
2088 8090 430 144 58
2088 8157 436 146 57
2088 8190 440 144 57
2088 8200 450 145 56
2081 8200 450 145 56
2073 8155 456 145 56
2062 8089 456 146 55
2045 8002 458 145 56
2036 7914 455 145 56
2047 7852 458 145 56
2068 7808 458 145 56
2098 7800 456 145 56
2130 7810 456 145 56
2154 7832 463 145 56
2173 7874 465 145 56
2189 7922 477 145 56
2195 7975 496 145 56
2195 7982 491 145 56
2195 7967 489 144 56
2195 7938 494 145 56
2201 7890 494 145 56
2214 7848 493 145 56
2230 7810 361 145 56
2254 7790 73 144 57
2254 7790 0 144 57
2305 7798 0 144 57
2320 7833 0 144 57
2329 7880 0 144 57
2338 7934 0 144 57
2338 7994 0 145 56
2325 8054 0 145 56
2325 8054 213 145 56
2290 8081 251 145 56
2263 8088 277 145 56
2250 8076 312 145 56
2240 8053 340 145 56
2240 8023 339 145 56
2240 7995 338 145 56
2271 7969 304 145 56
2315 7948 200 144 56
2364 7937 68 143 56
2364 7937 0 143 56
2452 7945 0 143 56
2452 7945 48 142 57
2452 7945 179 142 57
2453 7977 280 142 57
2420 7970 381 142 57
2382 7952 443 142 57
2353 7938 461 143 57
2344 7924 471 143 57
2344 7913 465 144 57
2351 7906 467 145 56
2379 7898 474 145 56
2423 7898 473 147 56
2471 7910 465 148 56
2496 7905 433 148 56
2506 7905 379 148 56
2516 7905 195 149 55
2516 7905 0 149 55
2551 7924 0 149 55
2566 7954 0 149 55
2577 8004 0 149 55
2591 8058 0 149 56
2591 8115 0 149 56
2572 8174 0 149 56
2572 8174 172 149 56
2555 8292 175 149 56
2540 8309 207 149 56
2540 8303 249 149 56
2533 8281 312 149 56
2522 8226 371 149 56
2505 8131 412 150 55
2489 8010 473 149 56
2480 7863 472 149 56
2464 7715 477 149 56
2442 7566 478 149 56
2414 7436 455 149 56
2378 7320 433 147 56
2336 7263 389 147 56
2317 7256 267 145 56
2317 7283 61 145 56
2317 7283 0 144 56
2369 7450 0 144 56
2409 7555 0 144 56
2454 7632 0 144 56
2511 7706 0 144 56
2575 7777 0 145 56
2642 7843 0 145 56
2690 7911 0 147 56
2690 7911 66 147 56
2737 7983 137 148 57
2732 7995 240 148 57
2715 8002 320 148 57
2692 8002 361 148 57
2666 7989 388 148 57
2638 7970 392 148 57
2609 7937 396 148 57
2589 7897 402 148 57
2589 7869 389 148 57
2594 7852 329 149 56
2621 7842 272 149 56
2661 7859 207 148 56
2709 7892 191 148 56
2735 7936 210 148 56
2747 7984 219 148 56
2747 8029 241 148 56
2747 8053 289 148 56
2742 8065 317 149 56
2736 8065 325 149 56
2736 8041 342 149 56
2736 8009 341 148 57
2736 7973 359 148 57
2744 7937 361 148 57
2752 7920 369 148 57
2762 7920 379 148 57
2782 7920 392 148 56
2809 7947 409 148 56
2843 7986 425 148 56
2873 8032 430 148 56
2899 8074 448 149 56
2914 8091 455 149 56
2926 8091 458 149 56
2937 8091 461 151 56
2947 8067 465 151 56
2947 8038 463 151 56
2947 8007 450 151 56
2958 7978 356 151 56
2971 7963 160 151 56
2971 7963 0 150 57
3021 7968 0 150 57
3059 7999 0 148 57
3088 8044 0 148 57
3111 8080 0 148 57
3111 8080 149 147 56
3144 8136 205 147 56
3144 8141 254 147 56
3133 8134 333 147 56
3119 8110 394 148 56
3101 8069 449 148 56
3080 8017 456 148 56
3080 7983 466 148 56
3089 7961 471 148 56
3108 7948 469 147 56
3141 7957 464 147 56
3182 7979 467 147 56
3218 8010 472 147 56
3235 8047 477 147 56
3235 8080 488 147 56
3245 8110 521 147 56
3245 8110 533 147 56
3245 8110 545 148 56
3240 8080 550 148 56
3240 8042 553 148 56
3258 8014 554 149 55
3287 7995 553 149 55
3328 7982 516 148 56
3372 7990 431 148 56
3419 8013 366 146 55
3461 8046 345 146 55
3475 8078 345 146 55
3475 8111 341 146 55
3455 8145 398 148 56
3426 8156 431 148 56
3390 8163 477 148 56
3355 8156 530 150 55
3340 8141 559 150 55
3340 8127 588 150 55
3349 8114 619 150 55
3374 8101 617 150 55
3410 8089 627 150 55
3441 8082 636 150 55
3471 8082 644 149 55
3500 8073 655 149 55
3522 8067 664 149 55
3543 8058 663 150 55
3562 8046 667 150 55
3573 8046 537 150 55
3573 8046 17 150 55
3573 8046 0 152 56
3517 8046 0 151 56
3461 8067 0 151 56
3401 8097 0 151 56
3352 8141 0 151 56
3314 8198 0 151 56
3283 8264 0 151 56
3254 8314 0 151 56
3238 8331 0 151 56
3238 8331 362 152 56
3238 8331 537 152 56
3238 8331 544 151 54
3194 8330 540 151 54
3194 8330 539 151 54
3194 8325 514 152 54
3205 8314 181 152 54
3205 8314 0 151 54
3212 8268 0 151 54
3188 8238 0 151 54
3118 8205 0 150 55
3017 8141 0 150 55
2896 8043 0 148 56
2800 7922 0 146 55
2697 7822 0 146 55
2590 7731 0 146 54
2523 7646 0 148 54
2486 7604 0 148 54
2469 7593 0 149 53
2469 7602 0 152 53
2474 7645 0 154 52
2486 7707 0 155 52
2500 7781 0 156 53
2490 7869 0 156 53
2465 7965 0 156 53
2465 7965 336 153 54
2426 8125 346 153 55
2390 8152 394 153 55
2375 8159 450 150 55
2362 8153 466 150 55
2352 8119 464 150 55
2345 8067 491 149 55
2345 7957 502 149 55
2377 7816 502 149 55
2427 7655 502 148 56
2498 7516 505 148 56
2570 7414 510 148 56
2637 7337 512 148 56
2637 7291 517 148 56
2599 7258 512 149 56
2507 7235 515 149 56
2384 7230 513 149 56
2241 7230 537 150 55
2099 7230 543 148 56
1965 7236 561 148 56
1873 7236 602 148 56
1807 7236 613 149 56
1791 7236 619 149 56
1829 7267 625 149 56
1902 7306 631 151 56
2068 7391 636 151 56
2253 7495 644 152 57
2451 7612 644 152 57
2633 7731 647 152 57
2773 7849 641 154 57
2885 7967 641 154 57
2914 8054 637 155 58
2882 8117 636 156 57
2808 8163 645 157 57
2665 8195 619 157 57
2461 8203 603 160 56
2217 8195 585 160 56
1961 8163 595 160 56
1727 8098 588 158 56
1508 8010 595 158 56
1321 7909 613 157 57
1205 7826 611 156 57
1135 7782 616 154 56
1156 7758 643 152 57
1283 7750 667 152 57
1480 7807 754 152 57
1841 7907 821 151 56
2265 8042 834 152 57
2731 8174 863 153 56
3114 8270 853 153 56
3429 8343 855 155 55
3699 8396 863 157 56
3864 8431 863 159 55
3945 8455 863 160 55
3969 8461 827 163 55
3961 8466 710 164 55
3910 8466 404 164 55
