1060 7152 202 154 57
1037 7023 274 153 58
1030 6999 448 153 58
1022 6974 595 150 58
1022 6950 710 149 59
1015 6950 827 149 59
1024 6950 896 147 59
1039 6986 949 147 59
1085 7076 984 147 59
1149 7203 1008 147 59
1212 7384 1015 147 59
1275 7613 1017 146 58
1326 7874 1011 147 58
1368 8141 1009 150 57
1386 8310 1000 150 57
1404 8413 1003 152 57
1404 8436 979 153 56
1399 8424 986 155 55
1399 8390 983 155 55
1399 8271 985 158 55
1394 8090 986 158 55
1387 7869 994 158 55
1377 7657 994 158 55
1372 7496 994 156 55
1383 7370 992 156 55
1404 7327 977 154 55
1416 7314 999 154 55
1431 7321 1005 154 55
1449 7380 1005 153 55
1504 7505 981 153 55
1555 7675 973 154 55
1604 7867 964 154 55
1671 8057 949 155 55
1739 8158 943 157 56
1768 8201 951 158 56
1768 8196 942 160 56
1756 8164 944 161 57
1751 8113 951 163 57
1751 8017 933 165 56
1759 7934 933 165 56
1771 7861 935 166 56
1789 7825 940 166 56
1807 7809 952 166 56
1824 7809 973 168 56
1844 7817 974 168 56
1866 7852 973 168 56
1899 7903 974 168 56
1916 7916 973 168 56
1922 7916 968 168 55
1922 7916 974 168 55
1927 7905 973 168 55
1938 7896 970 168 55
1952 7886 968 169 54
1967 7876 915 169 54
1982 7865 746 169 54
1988 7865 314 168 55
1988 7865 0 168 55
1978 7882 0 168 55
1969 7936 0 168 55
1960 8013 0 168 56
1975 8085 0 166 56
1999 8153 0 165 56
2028 8212 0 165 56
2055 8263 0 163 56
2081 8298 0 163 56
2098 8325 0 163 56
2098 8325 470 162 56
2102 8367 700 163 56
2102 8382 833 164 55
2102 8382 873 164 55
2102 8382 882 166 54
2102 8377 881 166 54
2102 8377 834 166 54
2102 8377 737 166 54
2080 8366 578 166 53
2050 8348 391 166 53
2027 8325 179 166 53
2008 8310 101 166 53
1996 8294 105 166 54
1988 8275 214 166 54
1988 8254 389 166 54
1995 8233 519 166 54
2006 8221 671 166 54
2015 8214 785 166 54
2022 8214 851 166 54
2029 8214 861 166 54
2036 8214 873 166 54
2056 8219 866 166 54
2084 8225 724 166 54
2113 8225 394 166 54
2113 8225 0 166 54
2175 8237 0 166 54
2204 8254 0 166 54
2231 8279 0 166 54
2263 8309 0 166 54
2291 8348 0 164 54
2307 8393 0 164 54
2307 8393 253 164 54
2306 8484 460 164 54
2295 8528 664 166 53
2284 8573 761 166 53
2284 8573 787 166 53
2284 8526 861 166 53
2284 8456 908 166 53
2273 8308 950 166 54
2259 8123 965 166 54
2242 7913 983 166 54
2217 7717 992 165 55
2186 7533 995 165 55
2163 7356 978 165 55
2152 7277 984 163 56
2152 7237 991 163 56
2146 7223 1021 163 56
2146 7229 1014 161 57
2135 7283 979 161 57
2122 7370 940 161 57
2128 7525 935 159 57
2159 7677 923 159 57
2206 7781 915 161 57
2268 7854 915 161 57
2321 7896 918 161 57
2369 7910 921 163 57
2419 7910 923 163 57
2471 7910 926 163 56
2528 7910 927 165 56
2575 7923 929 165 55
2616 7940 929 167 55
2653 7978 930 167 54
2677 8023 932 167 54
2693 8074 933 169 54
2693 8122 932 169 54
2673 8166 932 169 54
2648 8185 923 169 54
2614 8190 914 169 54
2571 8172 906 169 54
2523 8133 899 169 54
2493 8079 896 167 54
2481 8027 908 167 54
2481 7997 899 166 54
2492 7982 900 166 54
2506 7976 905 164 55
2538 7989 906 164 55
2581 8016 908 164 55
2631 8056 906 164 55
2683 8100 906 165 55
2737 8146 906 165 55
2781 8172 908 167 55
2820 8179 906 168 55
2848 8173 906 170 56
2866 8151 908 171 55
2877 8123 905 173 55
2877 8088 905 174 55
2871 8052 903 176 54
2855 8020 900 177 55
2830 7991 891 177 55
2804 7965 875 177 55
2778 7957 855 177 56
2750 7962 845 176 56
2725 7975 827 175 57
2718 7999 824 174 57
2718 8030 824 172 57
2745 8058 827 172 57
2773 8082 833 171 57
2808 8099 852 171 57
2838 8099 858 173 56
2870 8092 861 173 56
2905 8085 873 173 56
2915 8079 875 174 56
2920 8073 890 174 55
2920 8073 897 176 55
2920 8073 924 176 55
2920 8073 926 176 55
2920 8073 921 176 55
2920 8073 920 176 55
2920 8048 921 176 55
2951 8015 924 176 55
3025 7967 926 176 55
3130 7919 926 176 55
3285 7874 926 176 55
3441 7844 926 175 54
3598 7821 924 175 54
3729 7814 927 175 54
3844 7808 926 175 54
3901 7808 923 175 54
3909 7800 917 176 54
3885 7794 917 177 53
3833 7788 917 179 53
3711 7762 915 180 54
3542 7733 912 180 54
3331 7696 908 180 54
3023 7653 911 180 54
2651 7607 915 180 54
2255 7559 912 179 54
1862 7495 912 177 54
1572 7441 915 176 54
1351 7393 914 173 54
1270 7365 911 172 54
1238 7353 881 169 53
1238 7353 787 166 53
1263 7358 399 165 53
1263 7358 0 162 53
1420 7414 0 161 52
1491 7485 0 160 52
1566 7553 0 160 52
1649 7615 0 161 52
1738 7660 0 163 52
1797 7695 0 163 52
1836 7735 0 165 51
1845 7768 0 167 50
1845 7796 0 168 50
1832 7810 0 168 50
1832 7820 0 169 50
1854 7820 0 169 50
1888 7807 0 169 50
1888 7807 208 170 52
1992 7758 218 169 53
2028 7748 386 170 54
2053 7748 518 170 55
2077 7748 641 171 55
2083 7748 740 171 56
2076 7755 785 171 56
2057 7768 790 171 56
1994 7776 791 171 56
1901 7782 796 171 56
1788 7760 783 171 56
1675 7718 785 171 56
1603 7662 788 171 56
1557 7600 803 170 56
1557 7541 817 168 55
1603 7494 855 167 54
1674 7453 869 166 54
1767 7436 882 166 54
1856 7441 891 164 54
1943 7461 899 166 54
2034 7493 902 166 54
2101 7528 900 167 54
2151 7565 906 168 53
2161 7593 897 169 54
2152 7625 893 169 54
2130 7659 884 170 55
2097 7673 878 170 55
2047 7664 879 170 55
1986 7640 879 170 55
1928 7600 884 170 55
1902 7559 882 171 55
1896 7530 887 171 55
1905 7509 890 171 55
1938 7498 873 171 55
1988 7503 762 171 55
2051 7519 440 171 55
2051 7519 0 171 55
2174 7583 0 172 54
2217 7635 0 172 54
2248 7688 0 170 54
2280 7719 0 170 54
2299 7736 0 170 54
2299 7736 344 169 53
2315 7704 445 169 53
2308 7694 611 169 54
2293 7674 719 169 54
2293 7651 787 169 54
2293 7619 811 169 54
2293 7583 824 169 54
2299 7562 824 167 54
2299 7553 832 167 54
2306 7553 832 167 54
2306 7553 821 167 54
2306 7578 760 167 54
2306 7610 725 167 54
2306 7654 699 167 54
2326 7695 688 167 54
2355 7718 691 167 54
2379 7731 694 167 54
2403 7731 691 167 54
2417 7721 708 167 55
2425 7694 728 167 55
2425 7657 736 167 55
2419 7620 763 167 55
2412 7587 753 167 54
2412 7568 763 167 54
2412 7557 771 167 54
2406 7557 787 167 54
2406 7572 776 167 54
2414 7594 751 167 54
2426 7638 728 167 54
2445 7683 713 167 54
2475 7728 708 167 54
2510 7754 705 167 54
2545 7766 700 167 54
2570 7766 703 169 54
2589 7766 707 169 54
2614 7757 707 169 54
2630 7748 707 170 55
2640 7748 708 170 55
2640 7742 716 170 55
2640 7742 714 170 55
2623 7734 722 170 55
2589 7725 727 170 55
2558 7700 754 170 55
2535 7666 763 170 55
2523 7632 787 170 55
2523 7602 791 170 55
2523 7586 794 169 54
2539 7580 797 169 54
2559 7580 783 169 54
2584 7597 797 167 54
2614 7621 784 169 54
2645 7650 765 169 54
2656 7680 762 169 54
2668 7712 760 170 55
2680 7736 762 170 55
2680 7742 759 170 55
2680 7735 767 171 55
2680 7714 788 171 55
2680 7690 797 171 55
2670 7671 783 171 55
2670 7656 796 171 55
2678 7641 767 171 55
2683 7629 614 171 55
2683 7629 132 171 55
2683 7629 0 171 55
2698 7643 0 171 55
2708 7672 0 171 55
2735 7709 0 170 55
2771 7736 0 170 54
2807 7761 0 170 54
2833 7786 0 169 53
2833 7786 80 169 53
2852 7812 413 170 54
2846 7812 620 170 54
2827 7819 717 170 54
2805 7819 736 172 54
2784 7811 754 172 54
2764 7795 750 172 54
2764 7772 763 172 54
2769 7752 751 172 54
2792 7733 757 172 54
2825 7713 763 170 55
2856 7699 733 170 55
2872 7690 691 170 55
2878 7683 696 171 55
2878 7683 699 171 55
2870 7683 697 171 55
2854 7683 696 173 55
2837 7683 699 173 55
2819 7683 694 173 55
2799 7683 592 173 55
2794 7676 176 173 55
2794 7676 0 173 55
2789 7676 0 171 55
2807 7694 0 171 55
2846 7728 0 171 55
2898 7764 0 170 54
2946 7795 0 170 54
2984 7816 0 170 54
3014 7827 0 169 53
3014 7827 354 169 53
3014 7827 497 169 53
2975 7829 639 171 53
2965 7829 673 171 53
2955 7829 717 171 53
2945 7806 758 172 54
2934 7769 785 172 54
2934 7731 785 172 54
2948 7696 791 172 54
2982 7661 797 172 54
3018 7641 784 171 55
3060 7631 763 171 55
3112 7640 733 170 55
3170 7659 730 170 55
3222 7685 728 170 55
3253 7692 727 169 54
3271 7692 721 169 54
3280 7692 722 169 54
3292 7679 727 169 54
3306 7664 728 169 54
3317 7658 739 167 54
3332 7658 740 169 54
3351 7671 746 169 54
3373 7694 760 169 54
3393 7725 794 169 54
3413 7756 839 169 54
3426 7784 935 169 54
3426 7796 971 169 54
3421 7796 976 170 55
3401 7816 977 170 54
3357 7830 976 170 54
3297 7835 964 170 54
3244 7835 939 170 54
3193 7830 894 171 53
3166 7830 790 171 53
3155 7819 727 171 53
3155 7782 617 171 53
3166 7728 144 171 53
3166 7728 0 171 53
3223 7656 0 171 53
3276 7656 0 171 53
3343 7682 0 171 53
3423 7725 0 171 53
3498 7780 0 171 53
3525 7841 0 171 52
3525 7921 0 173 51
3465 8015 0 174 50
3375 8138 0 175 49
3264 8243 0 175 50
3140 8335 0 175 50
3054 8366 0 175 50
2993 8379 0 175 51
2945 8379 0 175 52
2901 8363 0 174 52
2901 8363 405 173 53
2864 8363 436 173 53
2835 8407 560 173 53
2810 8463 636 174 52
2731 8549 664 173 53
2613 8655 673 173 53
2457 8751 690 173 53
2277 8789 687 173 54
2082 8789 696 173 54
1848 8678 721 171 55
1610 8485 794 170 55
1368 8238 832 168 55
1281 7890 837 165 55
1289 7566 843 164 55
1359 7257 861 160 55
1541 7117 881 159 55
1772 7050 909 158 55
2036 7033 935 155 55
2304 7082 937 153 56
2553 7184 977 153 56
2736 7322 995 154 56
2882 7491 980 156 57
2929 7678 949 157 57
2908 7876 935 161 57
2841 8082 923 162 58
2755 8159 918 166 57
2627 8151 917 168 56
2472 8059 951 168 56
2366 7920 994 168 55
2313 7749 1023 168 55
2296 7605 1023 168 55
2337 7508 1023 167 55
2405 7443 1023 165 55
2492 7404 1023 165 55
2634 7404 1003 164 55
2775 7424 595 164 55
2775 7424 0 164 55
3018 7519 0 165 55
3115 7597 0 165 55
3250 7675 0 166 54
3392 7697 0 167 54
3539 7681 0 169 53
3539 7681 745 170 54
3680 7567 914 171 53
3680 7548 1023 172 53
3680 7548 1023 173 53
3680 7548 1023 175 53
3680 7548 1023 176 53
3680 7548 1023 177 54
3680 7554 961 179 54
