1369 8317 309 197 67
1299 8347 316 194 66
1269 8358 324 191 66
1243 8368 353 191 65
1229 8353 405 189 65
1229 8335 492 186 64
1234 8270 519 186 64
1293 8174 545 184 64
1372 8076 591 184 65
1465 7980 630 184 65
1582 7895 662 184 65
1698 7818 664 184 66
1814 7748 678 187 66
1909 7691 684 187 66
1973 7643 693 189 66
2015 7608 697 189 66
2015 7596 716 191 66
2015 7596 745 191 66
1973 7604 748 193 65
1912 7623 740 193 64
1794 7652 731 193 64
1642 7699 727 193 64
1466 7746 728 193 64
1277 7794 720 191 65
1085 7809 727 189 65
927 7801 740 189 65
792 7777 758 186 65
752 7766 756 186 65
761 7758 791 184 65
803 7752 814 184 65
940 7736 866 184 65
1190 7756 897 184 65
1516 7799 950 184 65
1924 7860 964 184 65
2356 7934 991 184 65
2803 8016 992 186 65
3156 8071 976 186 64
3401 8098 905 188 64
3575 8107 776 188 63
3642 8107 544 190 63
3642 8107 0 190 63
3583 8113 0 191 62
3502 8118 0 191 62
3400 8125 0 191 62
3285 8132 0 194 62
3166 8127 0 194 62
3034 8117 0 194 62
2893 8089 0 192 63
2743 8050 0 193 64
2583 8019 0 193 65
2416 7983 0 194 66
2269 7951 0 197 67
2139 7925 0 197 67
2020 7904 0 196 66
1959 7904 0 195 65
1929 7927 0 195 64
1920 7940 0 194 63
1920 7951 0 194 62
1928 7959 0 193 61
1941 7966 0 191 62
1964 7973 0 192 63
1971 7980 0 193 64
1971 7980 0 191 66
1962 7980 0 192 68
1957 7980 0 193 69
1957 7989 0 194 69
1966 8004 0 194 70
1985 8023 0 194 70
2007 8044 0 194 70
2030 8063 0 194 69
2054 8077 0 194 69
2054 8085 0 195 68
2054 8085 108 195 68
1990 8085 185 195 67
1955 8109 212 196 66
1914 8109 279 196 66
1868 8089 330 195 65
1845 8069 368 198 65
1834 8045 386 195 64
1834 8014 396 195 64
1850 7983 417 195 64
1879 7953 436 195 64
1915 7935 464 195 64
1957 7926 496 195 64
2002 7926 516 195 64
2048 7950 537 195 64
2072 7982 578 195 64
2072 8003 589 195 64
2051 8025 588 195 64
2009 8045 580 197 64
1964 8063 543 197 64
1917 8069 477 197 64
1873 8069 335 197 64
1848 8056 53 197 64
1848 8056 0 195 64
1841 8022 0 195 64
1862 8006 0 195 64
1893 8006 0 193 65
1946 8021 0 193 65
2005 8038 0 193 65
2069 8056 0 194 66
2139 8074 0 194 66
2203 8099 0 194 66
2236 8120 0 194 66
2250 8132 0 193 65
2239 8140 0 193 65
2239 8140 107 193 64
2169 8146 119 195 64
2129 8146 151 195 64
2098 8146 203 194 63
2073 8132 237 194 63
2056 8119 277 194 63
2051 8104 339 194 63
2051 8088 381 194 63
2071 8068 468 194 63
2101 8046 540 194 63
2140 8023 617 194 63
2179 7995 642 195 64
2210 7974 671 193 64
2230 7958 685 193 64
2235 7941 702 193 64
2230 7923 699 193 64
2210 7908 696 193 64
2177 7894 664 193 64
2135 7894 586 192 63
2102 7901 320 192 63
2102 7901 0 192 63
2070 7935 0 194 62
2080 7959 0 194 62
2102 7986 0 192 63
2131 8005 0 192 63
2156 8019 0 192 63
2178 8026 0 193 64
2178 8026 184 191 65
2210 8039 221 191 66
2222 8049 287 191 66
2234 8059 345 191 66
2257 8065 389 191 66
2288 8070 422 191 66
2315 8077 442 191 66
2349 8085 458 191 66
2388 8099 465 191 65
2403 8114 458 191 65
2403 8131 449 191 65
2403 8151 440 191 65
2386 8175 423 190 64
2367 8201 420 190 64
2349 8212 422 192 63
2333 8212 430 192 63
2306 8194 447 192 63
2278 8164 474 192 63
2253 8129 475 192 63
2234 8074 475 192 63
2217 8008 472 192 63
2217 7951 418 192 63
2241 7920 91 192 63
2241 7920 0 192 63
2338 7928 0 190 64
2402 7976 0 190 64
2467 8042 0 190 64
2538 8111 0 190 64
2604 8175 0 192 63
2642 8236 0 192 63
2662 8264 0 192 63
2662 8264 0 194 63
2662 8264 137 194 63
2619 8214 250 194 63
2590 8195 311 194 63
2570 8162 381 192 63
2559 8116 440 192 63
2552 8073 472 192 63
2552 8041 496 190 64
2552 8016 510 190 64
2552 8007 533 188 64
2557 8007 565 189 65
2565 8019 577 189 65
2578 8049 574 189 65
2602 8100 564 189 65
2634 8165 515 189 65
2662 8248 505 189 65
2695 8333 501 188 64
2732 8420 509 188 64
2749 8463 510 188 63
2760 8471 518 188 63
2760 8456 543 189 62
2760 8417 591 189 62
2770 8356 613 189 61
2770 8280 645 191 61
2786 8201 644 191 61
2807 8135 644 191 62
2832 8077 641 191 62
2855 8035 504 191 62
2873 8000 22 192 63
2873 8000 0 192 63
2864 7977 0 192 63
2821 8007 0 193 64
2762 8054 0 193 64
2696 8112 0 193 64
2625 8171 0 193 64
2588 8231 0 193 64
2588 8231 362 193 64
2588 8231 377 193 64
2588 8231 389 192 63
2635 8221 443 192 63
2678 8216 447 192 63
2729 8216 369 192 63
2777 8216 148 192 63
2777 8216 0 191 62
2810 8233 0 191 62
2810 8271 0 191 62
2810 8314 0 191 62
2810 8361 0 191 62
2819 8397 0 191 62
2819 8429 0 191 62
2825 8453 0 191 62
2825 8453 98 191 62
2825 8453 0 191 61
2825 8479 0 191 61
2825 8479 0 191 61
2825 8474 0 191 61
2832 8465 0 191 61
2846 8454 0 191 61
2867 8440 0 191 61
2893 8424 0 191 61
2918 8407 0 189 60
2928 8383 0 189 60
2928 8356 0 189 60
2922 8323 0 189 60
2922 8323 93 189 61
2905 8235 190 189 61
2895 8201 287 189 61
2914 8178 391 189 62
2929 8139 450 189 62
2937 8116 514 191 62
2945 8103 533 191 62
2945 8103 559 192 63
2945 8108 563 194 62
2945 8114 568 194 62
2945 8153 540 194 62
2952 8206 532 195 62
2961 8268 515 195 62
2982 8322 541 195 62
3004 8352 568 195 61
3027 8367 570 197 61
3045 8367 586 197 61
3058 8335 605 196 60
3066 8290 608 196 60
3066 8240 605 196 60
3051 8196 578 196 60
3051 8150 491 196 60
3064 8101 304 197 61
3064 8101 0 197 61
3118 8056 0 197 62
3161 8061 0 197 62
3207 8085 0 198 63
3249 8121 0 198 63
3289 8166 0 198 63
3324 8213 0 198 63
3329 8263 0 198 63
3315 8316 0 197 62
3315 8316 49 197 62
3256 8345 205 197 61
3226 8330 249 198 61
3199 8313 324 198 61
3174 8282 377 198 60
3167 8241 420 198 60
3167 8199 439 198 60
3175 8164 465 198 60
3188 8140 465 198 61
3206 8122 472 198 61
3228 8122 473 198 61
3247 8131 433 199 62
3261 8153 386 199 62
3261 8191 319 199 62
3261 8236 277 199 62
3261 8286 279 199 62
3261 8317 314 199 62
3275 8342 342 198 61
3289 8335 407 198 61
3304 8308 469 198 61
3316 8253 519 196 60
3316 8177 586 196 60
3307 8087 647 197 61
3272 8000 667 197 61
3236 7928 688 197 61
3197 7867 694 195 62
3161 7821 691 195 62
3144 7803 641 195 62
3138 7803 394 194 63
3138 7803 0 194 63
3135 7871 0 192 63
3148 7951 0 192 63
3168 8053 0 192 63
3198 8137 0 192 63
3235 8209 0 192 63
3258 8266 0 192 63
3277 8279 0 192 63
3277 8279 179 192 63
3293 8248 208 194 62
3293 8242 317 194 62
3298 8219 414 194 62
3303 8183 504 194 62
3315 8151 542 194 62
3331 8131 588 194 62
3344 8118 636 194 62
3360 8110 667 194 62
3379 8120 669 194 62
3405 8142 666 194 62
3438 8189 662 194 62
3476 8253 641 194 62
3507 8329 519 194 62
3517 8430 382 194 62
3517 8537 387 194 62
3496 8648 376 194 62
3479 8683 369 193 61
3462 8693 367 193 61
3448 8687 388 193 61
3433 8665 418 193 61
3421 8615 474 193 61
3412 8546 530 192 60
3412 8454 577 192 60
3404 8362 616 192 60
3404 8279 638 193 61
3411 8203 646 193 61
3428 8139 653 193 61
3450 8095 647 194 62
3473 8065 592 194 62
3497 8055 440 194 62
3497 8055 0 194 63
3545 8076 0 194 63
3555 8105 0 194 63
3555 8131 0 194 63
3555 8149 0 194 63
3555 8158 0 194 63
3555 8158 0 194 63
3555 8158 0 196 63
3555 8158 0 196 63
3549 8158 0 196 63
3544 8153 0 196 63
3538 8153 0 196 63
3533 8148 0 195 62
3533 8148 0 195 62
3527 8148 0 195 62
3527 8148 36 195 62
3527 8148 129 194 62
3527 8148 228 194 62
3527 8148 317 194 62
3540 8129 396 194 62
3546 8124 447 194 62
3551 8119 501 194 62
3551 8119 556 194 62
3562 8119 603 194 62
3570 8119 620 194 62
3570 8119 631 194 62
3570 8119 638 194 62
3580 8133 638 194 62
3594 8152 634 194 62
3604 8192 630 194 62
3617 8245 595 194 62
3631 8307 470 194 62
3640 8424 239 194 62
3655 8572 173 194 62
3674 8740 173 194 62
3668 8838 182 192 63
3661 8876 175 192 63
3653 8876 239 191 62
3638 8859 312 191 62
3624 8824 371 191 62
3611 8775 422 191 62
3594 8689 486 191 62
3571 8554 519 191 62
3552 8386 561 191 62
3536 8271 611 191 62
3557 8190 620 191 62
3571 8133 639 192 63
3580 8082 640 192 63
3607 8054 652 192 63
3627 8042 655 192 63
3637 8042 659 192 63
3657 8042 653 195 64
3684 8059 653 195 64
3690 8074 646 195 64
3690 8089 637 195 64
3690 8106 640 197 64
3690 8125 643 197 64
3683 8125 644 197 64
3683 8125 646 197 64
3683 8125 649 196 63
3683 8125 650 196 63
3683 8125 649 196 63
3683 8125 649 196 63
3683 8125 655 196 63
3683 8125 664 195 62
3683 8125 675 195 62
3683 8140 676 195 62
3696 8158 678 195 62
3703 8201 676 195 62
3708 8256 671 197 62
3673 8318 628 197 62
3574 8423 592 195 62
3433 8509 603 195 62
3246 8583 603 195 62
2989 8583 606 195 62
2684 8553 616 195 61
2357 8495 640 195 61
2049 8406 671 195 61
1754 8332 673 195 61
1591 8269 678 194 62
1546 8219 687 194 62
1580 8168 702 194 62
1722 8115 739 194 63
1977 8060 790 192 63
2306 8002 860 192 63
2738 7941 876 193 64
3169 7874 899 193 64
3598 7808 900 193 64
3867 7745 894 193 64
3995 7678 869 193 64
4028 7617 843 195 64
3944 7562 821 193 64
3707 7510 805 192 63
3369 7482 783 192 63
2956 7470 787 190 64
2509 7475 811 190 63
2038 7486 819 190 63
1648 7501 851 188 64
1416 7510 863 188 64
1290 7521 882 186 64
1301 7535 876 184 65
1443 7593 887 184 65
1672 7681 908 184 65
2053 7788 912 184 65
2473 7913 897 184 65
2920 8049 855 186 65
3255 8110 727 189 65
3478 8152 335 190 64
3478 8152 0 192 63
3645 8193 0 194 63
3562 8183 0 194 63
3411 8159 0 195 62
3224 8087 0 196 63
3031 8008 0 196 63
2834 7924 0 194 63
2669 7826 0 194 63
2552 7728 0 194 63
2468 7658 0 194 62
2417 7608 0 194 62
2383 7572 0 193 61
2360 7552 0 193 61
2360 7544 0 192 60
2360 7551 0 194 59
2360 7575 0 194 59
2346 7611 0 195 58
2330 7649 0 193 58
2316 7684 0 193 58
2311 7718 0 193 58
2311 7742 0 194 59
2311 7742 280 194 59
2323 7706 273 194 59
2334 7698 324 192 60
2349 7653 440 192 60
2364 7584 527 192 60
2379 7529 581 193 61
2390 7483 599 191 62
2396 7444 613 191 62
2396 7432 624 191 62
2396 7432 661 191 62
2388 7442 653 191 62
2382 7490 653 191 62
2373 7559 647 191 62
2364 7643 646 191 62
2376 7722 665 191 62
2402 7796 669 191 62
2437 7839 714 191 62
2473 7863 743 191 62
2509 7857 749 193 61
2527 7830 761 193 61
2527 7788 753 191 61
2503 7723 757 191 61
2472 7666 727 191 61
2432 7615 617 191 62
2385 7574 364 191 62
2385 7574 0 191 62
2359 7555 0 191 62
2359 7571 0 191 62
2382 7598 0 191 62
2407 7630 0 191 62
2435 7650 0 191 62
2452 7657 0 191 62
2468 7657 0 191 61
2482 7646 0 191 61
2482 7646 160 191 61
2509 7641 237 191 62
2527 7633 386 191 62
2559 7633 467 191 62
2597 7633 515 191 62
2640 7633 586 191 62
2672 7633 611 192 63
2685 7642 658 192 63
2685 7642 669 192 63
2685 7642 684 192 63
2685 7642 693 192 63
2641 7671 697 191 62
2616 7671 690 191 62
2590 7671 697 191 62
2561 7650 705 191 62
2533 7615 720 191 62
2516 7574 743 189 62
2506 7528 746 189 62
2506 7488 740 189 62
2513 7455 721 189 62
2528 7425 619 189 62
2551 7418 325 189 62
2551 7418 0 189 62
2617 7463 0 189 62
2649 7512 0 189 62
2662 7569 0 189 62
2662 7632 0 189 62
2662 7695 0 189 62
2662 7695 334 189 62
2655 7786 387 191 62
2650 7795 409 191 62
2650 7795 425 191 62
2655 7785 420 191 62
2655 7761 399 191 62
2655 7726 216 191 62
2655 7726 0 191 62
2662 7652 0 191 62
2667 7626 0 191 62
2678 7605 0 191 62
2697 7586 0 191 62
2720 7566 0 191 62
2740 7545 0 189 62
2757 7525 0 189 61
2766 7504 0 187 61
2766 7504 339 185 61
2758 7458 364 185 61
2758 7458 473 184 61
2753 7447 546 184 62
2753 7440 617 184 62
2759 7440 690 184 62
2759 7440 749 184 62
2759 7449 785 184 62
2766 7479 783 186 62
2766 7523 800 186 62
2766 7571 802 186 62
2766 7622 793 186 62
2776 7665 780 186 62
2783 7703 730 186 62
2795 7711 560 186 62
2809 7711 325 187 62
2809 7711 0 187 62
2821 7677 0 187 62
2821 7653 0 187 62
2821 7645 0 187 62
2839 7645 0 187 62
2861 7645 0 186 62
2878 7633 0 185 61
2890 7621 0 185 61
2895 7609 0 185 61
2895 7609 255 185 61
2895 7609 307 185 61
2895 7609 450 185 61
2910 7571 578 186 62
2930 7561 639 187 62
2950 7561 675 187 62
2967 7550 699 187 62
2979 7550 717 189 62
2984 7558 728 189 62
2984 7571 721 189 62
2984 7593 719 191 62
2971 7622 697 191 62
2959 7662 702 191 62
2944 7683 702 191 62
2938 7691 699 191 62
2938 7686 700 191 62
2929 7675 703 191 62
2921 7643 721 191 62
2913 7599 730 191 62
2913 7551 733 191 62
2925 7510 751 189 62
2945 7480 761 189 62
2976 7455 773 189 62
3013 7455 779 189 62
3056 7467 767 189 62
3088 7487 750 189 62
3113 7525 730 189 62
3135 7575 708 189 62
3153 7632 675 191 62
3162 7697 673 191 62
3162 7748 673 191 62
3175 7791 676 193 61
3196 7791 707 192 60
3226 7791 728 192 60
3238 7784 739 194 60
3249 7756 752 195 61
3258 7716 750 195 61
3258 7683 767 195 61
3258 7647 785 195 61
3253 7617 785 195 61
3253 7592 794 195 61
3238 7568 791 195 61
3210 7536 790 195 61
3173 7500 784 193 61
3153 7483 796 193 61
3148 7475 797 193 61
3148 7475 797 193 61
3156 7475 791 193 61
3169 7470 808 192 60
3187 7470 818 192 60
3224 7470 860 192 60
3275 7477 881 192 60
3335 7490 894 192 60
3422 7502 888 192 60
3474 7510 855 192 60
3503 7510 805 192 60
3503 7510 728 192 60
3498 7503 570 192 60
3480 7503 255 192 60
3480 7503 0 192 60
3424 7503 0 192 60
3400 7517 0 192 60
3382 7531 0 192 60
3370 7547 0 194 60
3362 7557 0 194 60
3346 7564 0 194 60
3332 7564 0 194 60
3326 7564 0 194 60
3326 7574 0 194 59
3309 7581 0 194 59
3293 7590 0 192 59
3276 7600 0 192 59
3253 7612 0 192 58
3236 7623 0 192 58
3222 7631 0 192 59
3212 7631 0 192 59
3202 7625 0 192 59
3202 7625 463 192 59
3202 7625 564 192 60
3202 7625 693 192 60
3202 7625 770 192 60
3202 7625 827 193 61
3238 7616 860 193 61
3295 7616 869 193 61
3332 7611 855 193 61
3364 7611 803 193 61
3386 7611 551 193 61
