1349 8023 136 124 71
1349 8023 223 124 71
1349 8023 312 124 71
1349 8023 387 124 71
1349 8023 435 124 71
1349 8023 472 124 71
1349 8023 515 124 71
1395 8025 550 127 70
1438 8000 616 128 71
1491 7968 643 128 71
1561 7934 667 128 71
1631 7901 663 130 72
1696 7872 664 130 72
1748 7847 668 135 72
1794 7837 664 135 72
1830 7837 659 135 72
1867 7837 652 137 71
1893 7850 649 137 71
1912 7877 647 139 71
1920 7913 650 139 71
1910 7943 641 141 70
1887 7968 655 141 70
1843 7968 659 139 71
1772 7953 670 139 71
1684 7924 671 139 71
1600 7895 673 137 71
1540 7873 671 137 71
1496 7855 668 137 71
1461 7838 668 137 71
1442 7832 667 137 71
1434 7832 664 137 71
1434 7832 670 137 71
1460 7858 663 137 71
1496 7892 666 139 71
1549 7950 672 142 71
1603 8024 673 142 71
1650 8109 675 142 71
1692 8207 673 144 72
1721 8314 658 144 72
1733 8426 658 144 72
1733 8512 653 148 71
1733 8553 656 153 71
1724 8565 661 153 71
1715 8565 667 157 71
1702 8534 668 157 71
1688 8489 672 158 70
1674 8415 702 158 70
1674 8317 725 158 70
1674 8204 751 155 69
1692 8082 751 152 70
1706 7963 760 152 70
1726 7866 762 149 69
1751 7782 768 148 70
1769 7728 760 148 70
1787 7690 752 143 70
1796 7663 725 142 71
1796 7652 699 142 71
1802 7652 682 142 71
1802 7660 659 142 71
1792 7698 644 142 71
1760 7753 630 144 72
1716 7820 641 144 72
1663 7869 672 144 72
1593 7898 705 147 72
1525 7914 725 147 72
1464 7914 731 148 71
1418 7914 733 148 71
1380 7907 720 148 71
1346 7902 731 148 71
1338 7897 721 146 71
1346 7897 721 146 71
1382 7897 757 146 71
1498 7897 831 143 70
1668 7903 897 145 70
1927 7911 942 145 70
2215 7920 947 148 70
2522 7928 953 149 69
2810 7938 962 152 70
3060 7952 950 154 70
3284 7964 918 154 70
3479 7975 702 157 71
3479 7975 0 159 71
3699 8040 0 162 71
3673 8092 0 165 71
3607 8142 0 165 71
3514 8181 0 168 72
3434 8214 0 168 72
3360 8232 0 171 72
3297 8232 0 171 72
3196 8219 0 168 72
3070 8205 0 162 71
2944 8190 0 153 71
2817 8176 0 145 70
2688 8176 0 137 69
2610 8181 0 131 67
2567 8181 0 130 66
2547 8181 0 130 66
2523 8181 0 131 67
2499 8181 0 133 67
2471 8189 0 135 68
2440 8203 0 139 69
2404 8221 0 143 70
2381 8238 0 143 70
2366 8252 0 141 70
2349 8262 0 141 68
2331 8270 0 139 68
2314 8275 0 137 67
2299 8275 0 137 67
2276 8275 0 135 67
2248 8270 0 137 66
2221 8261 0 137 66
2194 8248 0 135 65
2167 8235 0 133 66
2145 8224 0 133 66
2125 8217 0 132 65
2111 8217 0 130 66
2100 8212 0 130 66
2091 8212 0 130 66
2074 8222 0 130 66
2053 8227 0 130 66
2042 8232 0 128 65
2029 8238 0 128 65
2014 8238 0 128 65
2005 8238 0 128 65
1995 8238 0 130 66
1985 8233 0 130 66
1972 8224 0 130 66
1972 8224 134 131 67
1972 8224 235 131 67
1959 8195 312 131 67
1971 8189 364 131 67
1992 8180 387 135 67
2016 8180 397 135 67
2042 8180 412 135 67
2068 8186 423 135 67
2096 8199 430 135 67
2119 8215 448 135 67
2139 8235 495 135 67
2146 8257 530 135 67
2146 8280 594 135 67
2132 8291 641 135 67
2115 8297 667 139 67
2083 8291 693 139 67
2042 8274 691 139 67
2008 8251 690 139 67
1978 8225 690 139 67
1954 8197 691 139 67
1947 8170 662 139 67
1947 8140 638 137 67
1963 8120 616 137 67
1988 8108 608 135 67
2022 8108 605 135 67
2022 8108 605 135 67
2058 8125 616 135 67
2058 8138 617 137 67
2058 8149 627 137 67
2058 8155 631 137 67
2046 8155 625 137 67
2036 8147 620 137 67
2022 8133 620 137 67
2006 8110 614 135 68
1987 8086 614 135 68
1969 8063 614 135 68
1956 8029 620 135 68
1945 7998 617 133 69
1945 7968 625 133 69
1955 7952 630 131 68
1979 7946 633 129 68
2009 7955 633 129 68
2038 7970 638 131 69
2067 7989 636 131 69
2091 8012 641 131 69
2111 8035 645 131 69
2121 8056 637 131 69
2130 8075 636 131 69
2138 8089 636 131 69
2138 8096 647 133 69
2138 8096 647 133 69
2138 8086 636 135 69
2138 8073 636 137 69
2131 8055 650 137 69
2131 8035 670 137 69
2131 8005 670 137 69
2131 7974 681 135 69
2131 7944 697 135 69
2153 7925 690 133 69
2186 7914 711 131 69
2230 7924 721 131 69
2269 7949 721 129 70
2304 7985 719 129 70
2332 8025 714 131 71
2347 8066 699 131 71
2353 8108 684 131 71
2353 8130 658 133 70
2342 8150 613 135 71
2333 8150 578 137 70
2319 8143 472 137 70
2310 8128 219 139 69
2310 8128 0 139 69
2310 8096 0 139 69
2322 8084 0 139 69
2343 8074 0 137 69
2371 8066 0 137 69
2402 8066 0 137 69
2433 8061 0 137 69
2467 8061 0 137 69
2467 8061 95 137 69
2517 8087 232 139 69
2528 8103 319 139 69
2535 8119 410 139 69
2535 8136 475 139 69
2530 8147 537 141 70
2515 8155 581 141 70
2496 8155 613 143 69
2472 8148 636 143 69
2444 8135 659 143 69
2413 8116 669 141 68
2395 8092 685 141 68
2381 8064 688 139 69
2374 8034 694 137 69
2374 8004 696 137 69
2387 7982 694 135 69
2410 7966 682 133 69
2437 7961 681 133 69
2458 7973 675 131 69
2482 7996 669 133 70
2510 8020 667 133 70
2520 8050 662 133 70
2531 8084 652 135 71
2536 8100 633 137 70
2536 8115 631 139 71
2536 8103 636 139 71
2536 8074 652 141 70
2531 8031 664 141 70
2531 7986 664 141 70
2554 7954 617 141 70
2580 7932 363 141 70
2580 7932 0 139 71
2662 7945 0 139 71
2710 7977 0 139 71
2755 8026 0 139 71
2795 8074 0 137 70
2830 8122 0 137 70
2862 8170 0 137 70
2893 8220 0 137 70
2915 8271 0 137 69
2932 8313 0 137 69
2932 8335 0 139 68
2920 8344 0 140 67
2902 8344 0 142 66
2888 8344 0 142 66
2888 8344 259 146 66
2888 8344 388 146 66
2888 8344 502 148 67
2888 8344 585 149 66
2865 8289 650 151 66
2865 8240 694 150 67
2865 8171 721 150 67
2860 8106 734 150 67
2865 8043 734 148 68
2873 7990 748 148 68
2888 7956 730 147 69
2911 7935 699 147 69
2934 7935 673 145 70
2957 7962 625 143 70
2974 7999 550 143 70
2974 8048 381 143 70
2974 8108 188 143 70
2951 8175 51 143 70
2908 8262 99 143 70
2850 8336 173 145 70
2779 8401 371 145 70
2713 8435 580 147 69
2680 8448 693 151 68
2667 8448 751 151 68
2694 8448 793 151 68
2752 8443 817 152 68
2830 8443 821 152 68
2950 8460 755 152 68
3055 8482 381 152 68
3055 8482 0 152 68
3216 8515 0 151 66
3259 8515 0 151 66
3287 8510 0 149 66
3287 8486 0 149 66
3273 8458 0 150 65
3241 8424 0 148 65
3210 8381 0 148 65
3169 8331 0 150 64
3122 8285 0 150 64
3080 8239 0 146 64
3040 8200 0 146 64
3004 8165 0 146 64
2974 8138 0 143 64
2974 8138 282 142 65
2940 8112 439 144 66
2940 8112 556 142 66
2950 8112 617 142 66
2970 8112 661 142 66
2999 8122 671 144 67
3034 8135 666 144 67
3066 8155 669 144 67
3094 8179 669 144 67
3112 8204 666 144 67
3112 8230 653 144 67
3112 8258 655 146 67
3098 8267 661 146 67
3077 8259 665 148 67
3050 8240 676 148 67
3022 8197 702 148 67
2998 8152 710 148 67
2991 8106 731 148 67
2991 8059 749 148 67
3012 8025 754 146 67
3034 7999 745 146 67
3063 7989 690 145 68
3097 7989 551 145 68
3138 7999 208 141 68
3138 7999 0 141 68
3210 8073 0 141 68
3235 8119 0 141 68
3261 8160 0 143 69
3280 8200 0 143 69
3295 8232 0 143 69
3295 8232 183 145 68
3295 8232 396 145 68
3295 8232 595 146 67
3271 8196 737 146 67
3258 8154 851 146 67
3243 8090 899 148 67
3243 8015 949 148 67
3243 7933 965 146 67
3235 7855 976 146 67
3235 7798 961 146 67
3241 7754 938 145 68
3248 7726 858 142 68
3255 7726 740 142 68
3260 7738 314 140 67
3260 7738 0 140 67
3267 7821 0 140 67
3267 7885 0 137 67
3253 7967 0 139 68
3267 8062 0 139 68
3282 8167 0 139 68
3301 8269 0 141 68
3322 8365 0 142 68
3322 8415 0 142 68
3322 8415 440 142 68
3293 8437 662 146 67
3279 8437 805 146 67
3274 8437 891 148 67
3274 8437 918 148 67
3274 8437 924 149 66
3274 8437 894 149 66
3274 8437 824 149 66
3274 8437 614 149 66
3274 8437 56 149 66
3274 8437 0 149 66
3320 8408 0 150 65
3342 8386 0 150 65
3372 8356 0 150 65
3406 8318 0 150 65
3426 8282 0 150 65
3432 8248 0 150 65
3432 8217 0 150 65
3407 8190 0 149 66
3381 8166 0 149 66
3352 8140 0 149 66
3352 8140 144 148 67
3317 8117 317 148 67
3317 8117 422 146 66
3317 8109 530 146 66
3332 8109 575 146 66
3352 8122 588 144 66
3379 8143 592 146 66
3410 8167 586 146 66
3430 8194 585 146 66
3446 8226 586 148 67
3459 8254 577 148 67
3459 8277 567 148 67
3459 8284 563 150 67
3448 8284 578 150 67
3427 8266 595 151 66
3400 8249 620 151 66
3369 8224 624 151 66
3346 8193 631 151 66
3325 8155 631 149 66
3312 8114 639 148 67
3312 8075 647 148 67
3317 8047 644 146 66
3335 8026 645 144 67
3356 8014 639 144 67
3377 8022 628 142 68
3407 8043 620 142 68
3434 8067 597 142 68
3458 8094 586 145 68
3488 8122 545 145 68
3518 8158 521 145 68
3546 8192 507 147 69
3571 8220 507 147 69
3586 8228 518 149 69
3597 8223 565 151 68
3606 8210 567 153 69
3620 8194 586 153 69
3620 8171 595 156 68
3609 8145 600 156 68
3595 8114 600 155 69
3582 8090 591 155 69
3577 8072 559 155 69
3577 8058 524 155 69
3602 8050 512 154 70
3633 8050 496 154 70
3682 8057 496 152 70
3725 8075 477 152 70
3764 8098 472 152 70
3787 8130 475 152 70
3800 8164 488 152 70
3806 8200 520 152 70
3798 8222 564 153 69
3784 8242 613 153 69
3766 8242 639 152 68
3732 8242 693 152 68
3699 8223 703 152 68
3666 8202 728 153 67
3638 8173 739 153 67
3624 8142 754 155 67
3619 8112 751 154 68
3619 8088 765 154 68
3642 8071 779 154 68
3670 8058 784 154 68
3708 8066 784 154 68
3751 8082 760 153 69
3788 8104 717 153 69
3819 8133 581 153 69
3834 8163 203 153 69
3834 8163 0 153 69
3823 8202 0 154 68
3805 8193 0 152 68
3783 8171 0 152 68
3758 8144 0 152 68
3723 8118 0 150 67
3690 8090 0 150 67
3651 8071 0 148 68
3608 8060 0 148 68
3572 8045 0 148 68
3537 8033 0 147 69
3508 8024 0 147 69
3488 8019 0 145 70
3488 8019 1 145 70
3488 8019 168 145 70
3488 8019 274 145 70
3488 8019 423 145 70
3488 8019 502 143 69
3488 8019 586 143 69
3545 8012 664 143 69
3589 8012 750 145 70
3654 8017 788 145 70
3733 8017 806 145 70
3816 8026 808 148 70
3888 8032 797 149 69
3952 8032 749 152 70
3991 8032 645 152 70
4009 8032 373 152 70
