3355 8244 130 288 60
3319 8250 146 288 60
3310 8237 225 286 60
3258 8228 304 287 61
3157 8202 389 287 61
3022 8164 467 285 61
2830 8117 538 285 62
2626 8058 564 286 63
2413 7992 560 287 64
2244 7929 562 287 64
2105 7868 546 290 65
1987 7809 535 290 66
1905 7754 538 291 67
1844 7701 540 292 67
1796 7659 544 292 67
1796 7637 540 296 68
1811 7629 546 296 68
1845 7635 539 296 68
1915 7668 542 296 68
2011 7720 542 296 68
2123 7791 546 296 68
2244 7887 553 296 68
2360 8000 554 295 67
2433 8114 546 292 67
2478 8254 533 291 67
2509 8411 491 291 67
2516 8564 464 291 67
2507 8709 460 290 66
2482 8850 398 290 66
2453 8972 311 290 66
2422 9029 249 292 64
2393 9043 277 296 64
2367 9001 302 297 63
2341 8905 340 299 63
2318 8772 448 299 63
2306 8611 502 300 62
2300 8417 570 299 63
2307 8200 638 299 63
2312 7988 646 297 63
2312 7782 675 296 64
2326 7579 678 294 64
2340 7483 603 292 64
2358 7435 467 293 65
2363 7420 172 293 65
2363 7420 0 293 65
2348 7502 0 293 65
2340 7571 0 292 64
2340 7602 0 292 64
2333 7619 0 291 64
2322 7626 0 291 64
2307 7626 0 290 63
2286 7626 0 287 62
2261 7626 0 285 62
2231 7626 0 285 61
2198 7631 0 283 61
2161 7639 0 282 60
2123 7650 0 281 61
2081 7661 0 281 62
2039 7668 0 281 62
2004 7675 0 282 63
1973 7675 0 282 63
1943 7683 0 282 63
1913 7683 0 282 63
1884 7683 0 283 64
1859 7683 0 283 65
1859 7683 0 284 66
1822 7683 0 284 66
1807 7669 0 285 67
1794 7655 0 285 67
1794 7636 0 287 67
1794 7620 0 288 68
1794 7607 0 288 68
1801 7597 0 288 68
1809 7590 0 288 68
1809 7583 0 288 68
1809 7574 0 290 68
1809 7565 0 290 68
1809 7556 0 290 68
1809 7550 0 290 68
1809 7550 0 290 68
1816 7560 0 290 68
1822 7573 0 292 67
1822 7590 0 292 67
1829 7607 0 292 67
1829 7625 0 290 68
1834 7643 0 289 67
1834 7657 0 289 67
1834 7670 0 289 67
1828 7670 0 289 67
1828 7670 0 289 67
1828 7670 0 289 67
1828 7670 0 289 67
1812 7636 0 289 67
1806 7626 0 289 67
1801 7617 0 290 68
1796 7611 0 290 68
1796 7611 0 290 68
1796 7611 210 290 68
1804 7578 218 290 68
1814 7578 244 292 67
1831 7594 279 291 67
1853 7630 292 291 67
1873 7692 373 291 67
1891 7789 414 289 67
1907 7910 439 289 67
1922 8050 452 289 67
1922 8192 456 288 66
1914 8337 456 288 66
1898 8462 433 288 66
1880 8573 417 288 66
1864 8614 422 288 66
1857 8614 442 288 66
1857 8582 473 288 66
1857 8494 537 290 66
1857 8378 606 290 66
1878 8244 645 290 66
1911 8117 663 290 66
1947 7997 691 290 66
1983 7902 696 288 66
2022 7821 696 288 66
2063 7783 699 288 66
2095 7783 664 286 66
2127 7801 667 286 66
2152 7884 664 285 65
2173 7998 646 285 65
2190 8133 641 285 65
2202 8298 603 285 64
2202 8464 561 285 64
2186 8630 477 285 64
2171 8732 467 285 64
2160 8775 481 284 63
2160 8775 512 284 63
2160 8741 575 284 63
2170 8659 619 284 63
2179 8548 655 284 62
2202 8415 693 284 62
2234 8288 713 284 63
2282 8165 719 284 63
2327 8081 684 286 63
2369 8025 673 287 64
2414 7988 670 285 64
2461 8010 617 285 65
2488 8062 588 285 65
2510 8134 569 285 65
2520 8225 565 285 65
2520 8338 537 285 65
2514 8465 464 285 65
2504 8591 427 285 65
2490 8685 415 285 65
2476 8757 415 283 64
2464 8793 425 283 64
2454 8805 439 283 64
2454 8805 456 282 63
2454 8786 453 282 63
2454 8756 452 282 63
2461 8718 456 282 63
2468 8678 443 282 63
2481 8640 324 282 63
2497 8604 93 282 63
2497 8604 0 282 63
2524 8592 0 282 63
2541 8619 0 282 63
2559 8643 0 282 63
2559 8667 0 282 63
2559 8688 0 282 63
2550 8693 0 281 62
2538 8688 0 281 61
2525 8669 0 279 61
2512 8633 0 279 60
2503 8585 0 278 59
2496 8534 0 278 59
2490 8474 0 278 59
2490 8407 0 278 58
2490 8336 0 280 58
2490 8268 0 280 59
2490 8205 0 282 58
2490 8161 0 282 58
2490 8129 0 282 59
2490 8111 0 284 59
2490 8106 0 284 60
2490 8106 0 284 60
2496 8106 0 285 61
2496 8106 0 285 61
2496 8101 0 285 62
2496 8101 0 285 62
2496 8101 0 285 62
2496 8101 0 285 62
2531 8113 0 284 63
2548 8121 0 284 63
2569 8132 0 284 63
2569 8132 143 284 63
2613 8164 218 285 64
2640 8186 335 285 64
2656 8212 423 285 64
2668 8251 467 283 64
2660 8299 491 283 65
2640 8354 492 283 65
2609 8394 504 283 65
2576 8410 512 283 65
2541 8410 522 283 64
2506 8380 521 283 64
2472 8332 540 283 64
2459 8273 561 283 64
2459 8220 589 283 64
2475 8171 595 283 64
2502 8137 585 283 64
2537 8113 595 283 65
2576 8089 554 283 65
2626 8062 564 283 65
2682 8022 569 281 66
2732 7974 580 281 66
2777 7906 595 281 66
2804 7837 597 281 66
2821 7768 613 281 66
2811 7714 617 282 67
2795 7687 595 282 67
2770 7677 561 282 67
2733 7688 540 282 67
2703 7705 501 282 67
2677 7734 469 282 67
2667 7775 449 282 67
2667 7827 410 281 66
2673 7887 379 281 66
2685 7951 354 281 66
2696 7997 351 281 66
2706 8033 371 281 65
2718 8052 391 281 65
2730 8063 422 281 65
2741 8069 446 281 65
2749 8069 440 281 65
2762 8069 480 281 65
2778 8069 496 281 65
2778 8069 489 281 66
2789 8069 512 281 66
2804 8055 519 281 66
2823 8047 567 279 66
2835 8041 566 279 66
2853 8041 589 279 66
2875 8041 589 279 66
2904 8058 586 279 66
2937 8078 586 279 66
2972 8106 578 279 66
3004 8152 580 279 65
3033 8208 581 279 65
3056 8288 588 279 65
3072 8393 589 278 64
3064 8516 589 278 64
3042 8642 586 278 64
2988 8768 575 278 64
2917 8871 561 279 65
2835 8960 551 281 65
2754 8991 540 283 64
2690 8979 540 285 65
2638 8939 543 285 65
2613 8844 620 285 65
2613 8717 702 288 65
2641 8568 739 285 65
2693 8405 796 285 64
2768 8252 797 283 64
2857 8107 802 281 65
2939 8014 767 279 65
3018 7959 663 276 64
3060 7930 348 276 64
3060 7930 0 274 64
3067 7941 0 274 64
3044 7969 0 274 64
3014 8000 0 274 64
2975 8038 0 274 64
2932 8076 0 276 64
2883 8112 0 276 64
2830 8139 0 278 64
2773 8155 0 281 65
2719 8165 0 283 64
2671 8165 0 283 64
2625 8157 0 284 63
2590 8145 0 284 63
2554 8131 0 284 62
2525 8115 0 285 61
2500 8098 0 285 61
2477 8082 0 282 60
2459 8069 0 282 60
2443 8059 0 282 59
2433 8051 0 282 59
2428 8044 0 282 60
2428 8039 0 282 60
2435 8039 0 282 60
2452 8030 0 282 60
2476 8021 0 281 61
2513 8010 0 281 61
2559 7997 0 281 61
2610 7984 0 281 62
2668 7972 0 281 62
2729 7967 0 281 62
2792 7967 0 280 63
2850 7986 0 280 63
2850 7986 49 280 63
2945 8056 63 278 64
2974 8126 105 278 64
2995 8216 173 276 64
2995 8322 226 276 64
2969 8430 282 276 64
2931 8539 327 276 64
2863 8632 339 276 64
2767 8717 349 276 65
2651 8772 366 276 65
2535 8810 398 276 65
2415 8836 414 276 65
2284 8836 468 276 65
2146 8817 491 276 64
2032 8789 516 276 64
1931 8736 521 276 64
1839 8658 527 276 64
1768 8563 530 276 64
1731 8447 538 276 64
1716 8314 546 276 64
1749 8169 559 279 65
1824 8021 564 279 66
1928 7873 588 277 66
2066 7724 611 277 66
2228 7617 610 277 66
2407 7549 616 274 66
2583 7506 620 274 66
2738 7523 588 272 65
2879 7597 568 272 65
2981 7710 521 272 65
3007 7908 301 272 65
