2268 8675 49 134 61
2268 8675 93 134 61
2225 8683 173 134 61
2204 8675 200 134 61
2185 8669 202 134 61
2165 8662 203 134 61
2151 8657 195 134 61
2139 8657 170 134 61
2131 8657 167 134 61
2123 8657 172 134 61
2115 8657 173 134 61
2099 8650 184 134 61
2080 8650 184 134 61
2066 8644 173 134 61
2054 8639 175 134 61
2049 8639 181 135 62
2049 8639 175 135 62
2054 8644 180 135 62
2062 8649 183 135 62
2077 8649 185 135 62
2106 8661 188 133 62
2142 8672 193 133 62
2163 8679 195 133 62
2185 8685 200 133 62
2195 8685 205 133 62
2195 8690 220 133 62
2195 8690 244 133 62
2190 8690 299 132 61
2179 8690 305 132 61
2167 8690 304 132 61
2158 8690 304 134 61
2137 8690 307 135 62
2107 8680 314 135 62
2091 8680 311 135 62
2068 8673 304 135 62
2041 8673 306 135 62
2025 8673 299 135 62
2025 8673 304 135 62
2025 8673 312 137 62
2025 8673 307 137 62
1998 8681 307 137 62
1998 8681 317 137 62
1991 8681 325 137 62
1991 8681 324 137 62
1986 8681 324 137 62
1986 8681 319 137 62
1986 8681 315 135 63
1986 8681 315 135 63
1986 8681 315 135 63
1986 8681 314 135 63
1986 8681 312 135 63
1978 8681 307 135 63
1971 8675 304 135 63
1963 8666 311 135 63
1955 8666 304 135 63
1955 8666 302 135 63
1955 8666 302 135 63
1945 8666 304 137 63
1933 8666 309 137 63
1912 8657 314 137 63
1887 8650 324 137 63
1858 8644 324 137 63
1848 8644 317 137 63
1841 8644 314 137 63
1841 8651 309 138 63
1866 8651 335 140 63
1905 8666 369 140 63
1984 8683 422 140 63
2098 8696 450 140 63
2235 8708 495 138 63
2369 8715 489 138 63
2464 8715 495 138 63
2533 8706 490 138 63
2559 8698 493 138 63
2559 8698 491 138 63
2553 8686 495 138 63
2518 8669 496 140 62
2453 8647 474 140 62
2369 8625 456 140 62
2283 8600 453 140 62
2209 8570 428 138 61
2154 8546 415 138 61
2101 8521 397 138 61
2062 8496 374 136 61
2034 8468 366 136 61
2013 8443 363 136 61
1993 8419 353 136 61
1978 8398 305 135 60
1973 8374 277 135 60
1968 8348 251 135 60
1968 8318 246 135 60
1968 8284 242 135 60
1968 8253 242 135 60
1968 8227 253 135 60
1968 8204 250 134 60
1977 8190 262 134 60
1990 8180 269 134 60
2008 8173 267 134 60
2035 8167 257 134 60
2067 8160 249 134 60
2099 8151 247 134 60
2135 8151 245 132 59
2171 8145 255 132 59
2209 8145 267 132 59
2250 8138 279 132 59
2288 8129 324 132 59
2323 8115 339 131 58
2361 8099 353 131 58
2395 8070 367 131 60
2427 8033 371 131 60
2457 7992 371 131 60
2492 7958 384 129 60
2521 7942 414 131 61
2546 7936 440 131 61
2569 7948 453 129 61
2607 7986 475 130 62
2645 8041 488 130 62
2705 8123 477 130 62
2780 8232 491 132 63
2845 8358 527 133 62
2876 8454 586 135 63
2884 8543 591 135 63
2884 8621 562 137 62
2884 8693 512 137 62
2873 8759 522 137 62
2873 8816 522 137 62
2867 8844 546 137 62
2867 8853 562 137 62
2867 8853 565 138 63
2867 8853 560 138 63
2867 8809 569 138 63
2877 8762 566 138 63
2889 8714 566 138 63
2906 8666 570 138 63
2926 8617 591 138 63
2946 8565 605 138 63
2968 8511 634 138 63
2968 8440 639 138 63
2968 8357 627 138 63
2936 8265 634 138 63
2889 8197 630 140 63
2830 8141 642 141 63
2724 8094 622 141 63
2578 8060 630 140 63
2404 8024 642 140 63
2265 7987 622 138 63
2150 7977 628 137 63
2052 7985 640 135 64
2017 8015 664 133 63
2048 8049 720 133 63
2123 8087 783 133 63
2290 8124 803 133 63
2509 8161 797 133 63
2762 8195 760 135 64
2954 8207 708 138 64
3069 8207 675 140 65
3132 8177 691 141 64
3124 8127 691 143 64
3077 8063 717 145 64
3005 8003 727 145 64
2913 7943 739 145 64
2809 7901 721 145 64
2697 7872 703 143 63
2552 7851 693 141 64
2402 7829 693 141 64
2249 7814 702 140 63
2120 7804 690 140 63
2038 7804 702 141 64
1986 7804 690 141 64
1996 7818 702 141 64
2053 7836 681 143 64
2141 7864 659 143 64
2260 7898 638 145 65
2385 7928 633 145 65
2510 7955 641 145 65
2634 7976 641 145 65
2760 7991 641 145 65
2860 8005 636 145 65
2943 8014 641 145 65
2966 8014 647 146 66
2936 8014 650 146 66
2871 8003 643 146 66
2753 7991 613 146 66
2596 7971 634 146 66
2413 7944 664 144 66
2308 7914 663 144 66
2259 7898 670 144 66
2248 7892 670 142 65
2282 7878 700 142 65
2403 7865 707 143 64
2582 7865 697 145 65
2845 7865 691 146 64
3110 7865 696 146 64
3379 7865 702 150 64
3594 7854 697 150 64
3771 7833 716 151 63
3879 7814 722 151 63
3934 7798 727 151 63
3953 7792 728 151 63
3921 7792 652 150 64
3778 7792 560 150 64
3560 7786 466 148 63
3242 7786 481 146 64
2852 7786 551 145 64
2415 7761 611 145 64
2033 7740 724 143 64
1725 7718 757 143 64
1465 7704 796 142 65
1339 7697 809 142 65
1323 7697 827 142 66
1380 7684 866 142 66
1537 7679 890 144 67
1819 7679 905 146 67
2184 7687 867 146 67
2563 7704 818 148 68
2943 7726 796 152 68
3271 7746 758 154 68
3564 7761 691 158 67
3792 7756 627 158 67
3945 7740 465 159 67
4048 7718 41 159 67
